MODELING OF PERCOLLATION IN 4x4 system
0 0 0 0 
0 0 1 0 
0 0 0 0 
0 0 0 0 
p = 0.225

0 0 0 0 
0 0 1 1 
0 0 0 0 
1 0 0 0 
p = 0.25

0 1 0 0 
0 0 1 1 
1 1 0 0 
1 0 0 0 
p = 0.275

0 1 0 0 
1 1 1 1 
1 1 0 1 
1 0 1 0 
p = 0.3

0 1 1 0 
1 1 1 1 
1 1 0 1 
1 0 1 0 
p = 0.325

1 1 1 1 
1 1 1 1 
1 1 0 1 
1 0 1 0 
p = 0.35

1 1 1 1 
1 1 1 1 
1 1 0 1 
1 1 1 1 
p = 0.375

1 1 1 1 
1 1 1 1 
1 1 1 1 
1 1 1 1 
p = 0.4

1 1 1 1 
1 1 1 1 
1 1 1 1 
1 1 1 1 
p = 0.425

1 1 1 1 
1 1 1 1 
1 1 1 1 
1 1 1 1 
p = 0.45

1 1 1 1 
1 1 1 1 
1 1 1 1 
1 1 1 1 
p = 0.475

1 1 1 1 
1 1 1 1 
1 1 1 1 
1 1 1 1 
p = 0.5

1 1 1 1 
1 1 1 1 
1 1 1 1 
1 1 1 1 
p = 0.525

1 1 1 1 
1 1 1 1 
1 1 1 1 
1 1 1 1 
p = 0.55

1 1 1 1 
1 1 1 1 
1 1 1 1 
1 1 1 1 
p = 0.575

1 1 1 1 
1 1 1 1 
1 1 1 1 
1 1 1 1 
p = 0.6

1 1 1 1 
1 1 1 1 
1 1 1 1 
1 1 1 1 
p = 0.625

1 1 1 1 
1 1 1 1 
1 1 1 1 
1 1 1 1 
p = 0.65

1 1 1 1 
1 1 1 1 
1 1 1 1 
1 1 1 1 
p = 0.675

1 1 1 1 
1 1 1 1 
1 1 1 1 
1 1 1 1 
p = 0.7

1 1 1 1 
1 1 1 1 
1 1 1 1 
1 1 1 1 
p = 0.725

1 1 1 1 
1 1 1 1 
1 1 1 1 
1 1 1 1 
p = 0.75

1 1 1 1 
1 1 1 1 
1 1 1 1 
1 1 1 1 
p = 0.775

1 1 1 1 
1 1 1 1 
1 1 1 1 
1 1 1 1 
p = 0.8

1 1 1 1 
1 1 1 1 
1 1 1 1 
1 1 1 1 
p = 0.825

1 1 1 1 
1 1 1 1 
1 1 1 1 
1 1 1 1 
p = 0.85

1 1 1 1 
1 1 1 1 
1 1 1 1 
1 1 1 1 
p = 0.875

1 1 1 1 
1 1 1 1 
1 1 1 1 
1 1 1 1 
p = 0.9

1 1 1 1 
1 1 1 1 
1 1 1 1 
1 1 1 1 
p = 0.925

1 1 1 1 
1 1 1 1 
1 1 1 1 
1 1 1 1 
p = 0.95

1 1 1 1 
1 1 1 1 
1 1 1 1 
1 1 1 1 
p = 0.975

N = 31 p = 0.975
