-3.2035 -3.11632
-3.207 -3.03264
-3.2105 -2.94897
-3.21401 -2.86529
-3.21751 -2.78161
-3.22101 -2.69793
-3.22451 -2.61425
-3.22801 -2.53058
-3.23152 -2.4469
-3.23502 -2.36322
-3.23852 -2.27954
-3.24202 -2.19586
-3.24553 -2.11218
-3.24903 -2.0285
-3.25253 -1.94482
-3.25603 -1.86114
-3.25954 -1.77745
-3.26304 -1.69377
-3.26654 -1.61009
-3.27004 -1.52641
-3.27354 -1.44273
-3.27705 -1.35904
-3.28055 -1.27536
-3.28405 -1.19168
-3.28755 -1.10799
-3.29105 -1.02431
-3.29455 -0.940626
-3.29805 -0.856942
-3.30155 -0.773257
-3.30504 -0.689571
-3.30854 -0.605885
-3.31204 -0.522199
-3.31553 -0.438512
-3.31903 -0.354825
-3.32252 -0.271137
-3.32602 -0.187449
-3.32951 -0.103759
-3.333 -0.0200691
-3.33649 0.0636221
-3.33998 0.147314
-3.34347 0.231008
-3.34695 0.314703
-3.35044 0.398399
-3.35392 0.482097
-3.3574 0.565797
-3.36088 0.649498
-3.36435 0.733202
-3.36782 0.816909
-3.37129 0.900618
-3.37475 0.98433
-3.37821 1.06805
-3.38167 1.15176
-3.38512 1.23549
-3.38856 1.31921
-3.392 1.40294
-3.39543 1.48667
-3.39885 1.57041
-3.40227 1.65415
-3.40568 1.73789
-3.40909 1.82164
-3.41248 1.90539
-3.41587 1.98915
-3.41925 2.07291
-3.42263 2.15667
-3.42599 2.24044
-3.42935 2.32421
-3.4327 2.40798
-3.43604 2.49176
-3.43938 2.57555
-3.4427 2.65934
-3.44602 2.74313
-3.44933 2.82693
-3.45263 2.91074
-3.45592 2.99455
-3.45921 3.07837
-3.46248 3.1622
-3.46575 3.24603
-3.46901 3.32988
-3.47225 3.41373
-3.47549 3.4976
-3.47872 3.58148
-3.48193 3.66537
-3.48513 3.74927
-3.48832 3.83319
-3.4915 3.91713
-3.49466 4.00108
-3.4978 4.08506
-3.50093 4.16906
-3.50405 4.25308
-3.50714 4.33714
-3.51021 4.42122
-3.51326 4.50533
-3.51629 4.58947
-3.51929 4.67365
-3.52227 4.75787
-3.52522 4.84212
-3.52814 4.9264
-3.53103 5.01071
-3.5339 5.09503
-3.53675 5.17937
-3.53997 5.27507
-3.5432 5.37074
-3.54646 5.46635
-3.54977 5.56185
-3.55318 5.65721
-3.55673 5.75239
-3.56048 5.84734
-3.56449 5.942
-3.56884 6.03631
-3.57364 6.13018
-3.57898 6.22354
-3.58501 6.31628
-3.59185 6.40832
-3.59965 6.49954
-3.60856 6.58985
-3.61869 6.67914
-3.63012 6.76731
-3.64284 6.85426
-3.65669 6.93987
-3.67124 7.02395
-3.6857 7.10625
-3.69864 7.18643
-3.70799 7.26414
-3.71114 7.33917
-3.70584 7.41167
-3.69123 7.48222
-3.66841 7.55157
-3.63971 7.62025
-3.60767 7.68846
-3.57429 7.75617
-3.54096 7.82324
-3.50851 7.88955
-3.47741 7.95497
-3.44792 8.01945
-3.42011 8.08298
-3.39398 8.14556
-3.36945 8.20727
-3.3464 8.26815
-3.32468 8.3283
-3.30414 8.3878
-3.28461 8.44674
-3.26595 8.50519
-3.24803 8.56325
-3.23072 8.62097
-3.2139 8.67842
-3.1975 8.73564
-3.18142 8.79268
-3.1656 8.84957
-3.14999 8.90636
-3.13454 8.96305
-3.11922 9.01968
-3.10398 9.07626
-3.08881 9.1328
-3.07369 9.18932
-3.05859 9.24582
-3.04352 9.30231
-3.02844 9.3588
-3.01337 9.41529
-2.99828 9.47178
-2.98319 9.52828
-2.96807 9.5848
-2.95294 9.64132
-2.93778 9.69786
-2.9226 9.75441
-2.90739 9.81097
-2.89216 9.86754
-2.87691 9.92413
-2.86163 9.98073
-2.84633 10.0373
-2.831 10.094
-2.81565 10.1506
-2.80028 10.2073
-2.7849 10.2639
-2.76949 10.3206
-2.75407 10.3772
-2.73863 10.4339
-2.72318 10.4906
-2.70772 10.5473
-2.69225 10.604
-2.67676 10.6606
-2.66127 10.7173
-2.64577 10.774
-2.63026 10.8307
-2.61474 10.8874
-2.59921 10.9442
-2.58367 11.0009
-2.56811 11.0576
-2.55255 11.1143
-2.53697 11.171
-2.52137 11.2277
-2.50576 11.2845
-2.49012 11.3412
-2.47447 11.3979
-2.45879 11.4546
-2.44309 11.5114
-2.42737 11.5681
-2.41161 11.6248
-2.39583 11.6815
-2.38003 11.7382
-2.36419 11.795
-2.34833 11.8517
-2.33244 11.9084
-2.31653 11.9651
-2.30058 12.0218
-2.28461 12.0785
-2.26862 12.1352
-2.25259 12.1919
-2.23655 12.2486
-2.22049 12.3054
-2.2044 12.3621
-2.1883 12.4188
-2.17218 12.4756
-2.15604 12.5323
-2.13989 12.5891
-2.12373 12.6459
-2.10756 12.7027
-2.09137 12.7595
-2.07513 12.8162
-2.05882 12.8727
-2.04234 12.9286
-2.02546 12.9834
-2.00774 13.0359
-1.98817 13.0835
-1.9649 13.1221
-1.93501 13.1458
-1.8956 13.1493
-1.84592 13.1326
-1.78797 13.1006
-1.72473 13.0595
-1.65857 13.0136
-1.5909 12.9654
-1.52248 12.9161
-1.45371 12.8663
-1.38477 12.8162
-1.31575 12.7661
-1.24671 12.7159
-1.17766 12.6658
-1.10861 12.6156
-1.03955 12.5655
-0.970485 12.5153
-0.901416 12.4652
-0.832337 12.415
-0.763245 12.3649
-0.69414 12.3147
-0.62502 12.2646
-0.555887 12.2144
-0.486742 12.1642
-0.41759 12.1141
-0.34844 12.0639
-0.279305 12.0138
-0.210203 11.9636
-0.141162 11.9136
-0.0722213 11.8636
-0.00343807 11.8137
0.0651094 11.764
0.133312 11.7146
0.201018 11.6656
0.268025 11.6171
0.334059 11.5693
0.398767 11.5225
0.461705 11.4771
0.522344 11.4334
0.580103 11.3919
0.634408 11.3529
0.684782 11.3169
0.730946 11.2841
0.772883 11.2543
0.810842 11.2276
0.845278 11.2034
0.876759 11.1814
0.905868 11.1612
