3.25004 -3.27817
3.30008 -3.35634
3.35012 -3.4345
3.40016 -3.51267
3.4502 -3.59084
3.50024 -3.66901
3.55029 -3.74718
3.60033 -3.82536
3.65037 -3.90353
3.70042 -3.9817
3.75047 -4.05988
3.80052 -4.13806
3.85058 -4.21623
3.90064 -4.29441
3.9507 -4.3726
4.00077 -4.45078
4.05084 -4.52897
4.10092 -4.60715
4.15101 -4.68534
4.2011 -4.76354
4.25121 -4.84173
4.30132 -4.91993
4.35144 -4.99814
4.40157 -5.07634
4.45171 -5.15456
4.50187 -5.23278
4.55203 -5.31101
4.60221 -5.38924
4.6524 -5.46749
4.7026 -5.54575
4.75281 -5.62403
4.80304 -5.70232
4.85327 -5.78063
4.90352 -5.85895
4.95378 -5.93729
5.00404 -6.01561
5.05431 -6.09391
5.10456 -6.17213
5.15477 -6.25019
5.20488 -6.32792
5.25479 -6.40497
5.30418 -6.48044
5.35215 -6.55183
5.396 -6.6119
5.4287 -6.64298
5.44055 -6.6226
5.43177 -6.55387
5.41199 -6.46056
5.38801 -6.35829
5.36257 -6.25303
5.33662 -6.14676
5.3105 -6.04016
5.28432 -5.93346
5.25814 -5.82674
5.23197 -5.72002
5.2058 -5.61333
5.17966 -5.50664
5.15352 -5.39997
5.12739 -5.29331
5.10126 -5.18664
5.07515 -5.07997
5.04903 -4.9733
5.02292 -4.86661
4.9968 -4.75991
4.97069 -4.65319
4.94456 -4.54645
4.91844 -4.43969
4.8923 -4.33291
4.86616 -4.22611
4.84001 -4.11928
4.81385 -4.01245
4.78769 -3.90561
4.76154 -3.79879
4.7354 -3.69202
4.70931 -3.58536
4.6833 -3.47889
4.65746 -3.37273
4.63188 -3.26703
4.60673 -3.162
4.58224 -3.05793
4.55868 -2.95509
4.53643 -2.85383
4.51586 -2.75443
4.49734 -2.65708
4.48114 -2.56186
4.46739 -2.46867
4.45602 -2.37729
4.44681 -2.28739
4.43943 -2.19864
4.43352 -2.11072
4.42872 -2.02337
4.42472 -1.93639
4.42126 -1.84965
4.41817 -1.76306
4.41528 -1.67654
4.41252 -1.59008
4.40982 -1.50364
4.40714 -1.41722
4.40444 -1.33082
4.40173 -1.24442
4.39898 -1.15803
4.3962 -1.07165
4.39338 -0.985274
4.39054 -0.898911
4.38766 -0.812558
4.38476 -0.726214
4.38184 -0.63988
4.3789 -0.553556
4.37594 -0.46724
4.37297 -0.380934
4.36998 -0.294636
4.36698 -0.208345
4.36398 -0.122063
4.36096 -0.0357873
4.35794 0.0504815
4.35491 0.136744
4.35188 0.223
4.34884 0.309251
4.34579 0.395497
4.34274 0.481738
4.33968 0.567974
4.33662 0.654205
4.33354 0.740432
4.33047 0.826655
4.32739 0.912875
4.3243 0.99909
4.32121 1.0853
4.31811 1.17151
4.315 1.25772
4.31189 1.34392
4.30877 1.43012
4.30565 1.51631
4.30252 1.60251
4.29939 1.6887
4.29625 1.77489
4.2931 1.86107
4.28995 1.94726
4.28679 2.03344
4.28363 2.11961
4.28046 2.20579
4.27728 2.29196
4.2741 2.37814
4.27091 2.4643
4.26771 2.55047
4.26451 2.63664
4.2613 2.7228
4.25808 2.80896
4.25486 2.89512
4.25163 2.98127
4.2484 3.06743
4.24516 3.15358
4.24191 3.23973
4.23865 3.32588
4.23539 3.41202
4.23212 3.49817
4.22884 3.58431
4.22556 3.67045
4.22227 3.75658
4.21897 3.84272
4.21567 3.92885
4.21236 4.01498
4.20904 4.10111
4.20571 4.18724
4.20238 4.27336
4.19904 4.35949
4.19569 4.44561
4.19234 4.53172
4.18898 4.61784
4.18561 4.70395
4.18223 4.79007
4.17885 4.87618
4.17546 4.96228
4.17206 5.04839
4.16866 5.13449
4.16525 5.22059
4.16183 5.30669
4.1584 5.39279
4.15497 5.47888
4.15153 5.56497
4.14808 5.65106
4.14462 5.73715
4.14116 5.82324
4.13769 5.90932
4.13421 5.9954
4.13072 6.08148
4.12723 6.16756
4.12373 6.25364
4.12022 6.33972
4.11671 6.42579
4.11319 6.51187
4.10966 6.59794
4.10612 6.68402
