0 0
0 1
1 1
1 2
2 2
3 3

5 5
5 6
6 6
6 7
7 7
7 13

10 10
10 11
11 11
11 12
12 12
12 13

15 15
15 16
16 16
16 17
17 17
17 18

20 20
20 21
21 21
21 22
22 22
22 23

25 25
25 26
26 26
26 27
27 27
27 28

30 30
30 31
31 31
31 32
32 32
32 33

35 35
35 36
36 36
36 37
37 37
37 38

40 40
40 41
41 41
41 42
42 42
42 43

45 45
45 46
46 46
46 47
47 47
47 48

50 50
50 51
51 51
51 52
52 52
52 53

55 55
55 56
56 56
56 57
57 57
57 58

60 60
60 61
61 61
61 62
62 62
62 63

65 65
65 66
66 66
66 67
67 67
67 68

70 70
70 71
71 71
71 72
72 72
72 73

75 75
75 76
76 76
76 77
77 77
77 78

80 80
80 81
81 81
81 82
82 82
82 83

85 85
85 86
86 86
86 87
87 87
87 88

90 90
90 91
91 91
91 92
92 92
92 93

95 95
95 96
96 96
96 97
97 97
97 98

100 100
100 101
101 101
101 102
102 102
102 103

105 105
105 106
106 106
106 107
107 107
107 108

110 110
110 111
111 111
111 112
112 112
112 113

115 115
115 116
116 116
116 117
117 117
117 118

120 120
120 121
121 121
121 122
122 122
122 123

125 125
125 126
126 126
126 127
127 127
127 128

130 130
130 131
131 131
131 132
132 132
132 133

135 135
135 136
136 136
136 137
137 137
137 138

140 140
140 141
141 141
141 142
142 142
142 143

145 145
145 146
146 146
146 147
147 147
147 148

150 150
150 151
151 151
151 152
152 152
152 153

155 155
155 156
156 156
156 157
157 157
157 158

