0 0
0.001 -4.3755128247176e-19
0.002 -2.80032820781927e-17
0.003 -3.18974884921912e-16
0.004 -1.79221005300433e-15
0.005 -6.8367387886212e-15
0.006 -2.04143926350021e-14
0.007 -5.14774708315179e-14
0.008 -1.14701443392266e-13
0.009 -2.32532691108028e-13
0.01 -4.37551282471594e-13
0.011 -7.75148787526434e-13
0.012 -1.30652112863868e-12
0.013 -2.11197646819237e-12
0.014 -3.29455813320788e-12
0.015 -4.98398257688338e-12
0.016 -7.34089237705901e-12
0.017 -1.05614242716039e-11
0.018 -1.48820922307249e-11
0.019 -2.05849855661965e-11
0.02 -2.80032820775129e-11
0.021 -3.75270762349574e-11
0.022 -4.96095223995916e-11
0.023 -6.477329308016e-11
0.024 -8.36173522269083e-11
0.025 -1.06824043562314e-10
0.026 -1.35166493948721e-10
0.027 -1.69516331792876e-10
0.028 -2.10851720487364e-10
0.029 -2.60265706888937e-10
0.03 -3.18974884833707e-10
0.031 -3.88328373689226e-10
0.032 -4.69817111943411e-10
0.033 -5.65083465830319e-10
0.034 -6.75931152992751e-10
0.035 -8.04335481181631e-10
0.036 -9.52453901992218e-10
0.037 -1.122636879637e-09
0.038 -1.31743907475539e-09
0.039 -1.53963084326002e-09
0.04 -1.79221005021971e-09
0.041 -2.07841419877909e-09
0.042 -2.40173287411462e-09
0.043 -2.76592050242719e-09
0.044 -3.17500942497107e-09
0.045 -3.63332328711916e-09
0.046 -4.14549074246459e-09
0.047 -4.71645947195815e-09
0.048 -5.35151051808209e-09
0.049 -6.05627293405953e-09
0.05 -6.83673874809962e-09
0.051 -7.69927824267851e-09
0.052 -8.65065554885534e-09
0.053 -9.69804455562366e-09
0.054 -1.0849045134298e-08
0.055 -1.21116996779344e-08
0.056 -1.34945099557866e-08
0.057 -1.50064542827956e-08
0.058 -1.66570050041127e-08
0.059 -1.84561462946576e-08
0.06 -2.04143922737075e-08
0.061 -2.25428054345208e-08
0.062 -2.48530153889924e-08
0.063 -2.73572379273398e-08
0.064 -3.00682943928224e-08
0.065 -3.29996313714893e-08
0.066 -3.61653406969589e-08
0.067 -3.95801797702262e-08
0.068 -4.32595921945003e-08
0.069 -4.7219728725069e-08
0.07 -5.14774685341892e-08
0.071 -5.60504407910055e-08
0.0720000000000001 -6.09570465564918e-08
0.0730000000000001 -6.62164809934175e-08
0.0740000000000001 -7.18487558913377e-08
0.0750000000000001 -7.78747225066029e-08
0.0760000000000001 -8.43160947173892e-08
0.0770000000000001 -9.11954724937499e-08
0.0780000000000001 -9.85363656826786e-08
0.0790000000000001 -1.06363218108197e-07
0.0800000000000001 -1.14701431986446e-07
0.0810000000000001 -1.23577392655796e-07
0.0820000000000001 -1.33018493621967e-07
0.0830000000000001 -1.43053161918152e-07
0.0840000000000001 -1.53710883780151e-07
0.0850000000000001 -1.65022230636505e-07
0.0860000000000001 -1.77018885413634e-07
0.0870000000000001 -1.89733669155968e-07
0.0880000000000001 -2.0320056796108e-07
0.0890000000000001 -2.17454760229805e-07
0.0900000000000001 -2.32532644231355e-07
0.0910000000000001 -2.48471865983403e-07
0.0920000000000001 -2.65311347447181e-07
0.0930000000000001 -2.83091315037519e-07
0.0940000000000001 -3.01853328447885e-07
0.0950000000000001 -3.21640309790378e-07
0.0960000000000001 -3.42496573050703e-07
0.0970000000000001 -3.64467853858095e-07
0.0980000000000001 -3.87601339570191e-07
0.0990000000000001 -4.11945699672879e-07
0.1 -4.37551116495063e-07
0.101 -4.64469316238387e-07
0.102 -4.9275360032188e-07
0.103 -5.22458877041532e-07
0.104 -5.53641693544794e-07
0.105 -5.86360268119984e-07
0.106 -6.20674522800592e-07
0.107 -6.56646116284505e-07
0.108 -6.94338477168093e-07
0.109 -7.33816837495198e-07
0.11 -7.75148266620977e-07
0.111 -8.18401705390612e-07
0.112 -8.63648000632886e-07
0.113 -9.10959939968565e-07
0.114 -9.60412286933671e-07
0.115 -1.01208181641749e-06
0.116 -1.06604735041545e-06
0.117 -1.12238979409682e-06
0.118 -1.18119217218706e-06
0.119 -1.24253966566509e-06
0.12 -1.30651964877525e-06
0.121 -1.37322172635393e-06
0.122 -1.44273777147109e-06
0.123 -1.51516196338629e-06
0.124 -1.59059082581957e-06
0.125 -1.6691232655369e-06
0.126 -1.75086061125037e-06
0.127 -1.83590665283291e-06
0.128 -1.92436768084776e-06
0.129 -2.01635252639236e-06
0.13 -2.111972601257e-06
0.131 -2.2113419383979e-06
0.132 -2.31457723272485e-06
0.133 -2.42179788220337e-06
0.134 -2.5331260292713e-06
0.135 -2.64868660256992e-06
0.136 -2.76860735898942e-06
0.137 -2.89301892602883e-06
0.138 -3.02205484447024e-06
0.139 -3.15585161136746e-06
0.14 -3.29454872334891e-06
0.141 -3.43828872023478e-06
0.142 -3.5872172289685e-06
0.143 -3.74148300786235e-06
0.144 -3.90123799115724e-06
0.145 -4.06663733389671e-06
0.146 -4.23783945711485e-06
0.147 -4.41500609333848e-06
0.148 -4.59830233240316e-06
0.149 -4.78789666758331e-06
0.15 -4.98396104203613e-06
0.151 -5.18667089555949e-06
0.152 -5.39620521166353e-06
0.153 -5.61274656495625e-06
0.154 -5.83648116884261e-06
0.155 -6.06759892353742e-06
0.156 -6.30629346439178e-06
0.157 -6.55276221053316e-06
0.158 -6.80720641381899e-06
0.159 -7.06983120810357e-06
0.16 -7.34084565881852e-06
0.161 -7.62046281286636e-06
0.162 -7.90889974882772e-06
0.163 -8.20637762748103e-06
0.164 -8.51312174263628e-06
0.165 -8.82936157228103e-06
0.166 -9.15533083003947e-06
0.167 -9.49126751694509e-06
0.168 -9.83741397352501e-06
0.169 -1.01940169321982e-05
0.17 -1.05613275699854e-05
0.171 -1.09396015615323e-05
0.172 -1.13290991324445e-05
0.173 -1.17300851129355e-05
0.174 -1.21428289917868e-05
0.175 -1.25676049706196e-05
0.176 -1.30046920184794e-05
0.177 -1.34543739267321e-05
0.178 -1.3916939364272e-05
0.179 -1.43926819330418e-05
0.18 -1.48819002238637e-05
0.181 -1.53848978725831e-05
0.182 -1.59019836165219e-05
0.183 -1.64334713512451e-05
0.184 -1.69796801876377e-05
0.185 -1.75409345092913e-05
0.186 -1.81175640302045e-05
0.187 -1.87099038527911e-05
0.188 -1.9318294526201e-05
0.189 -1.994308210495e-05
0.19 -2.05846182078616e-05
0.191 -2.12432600773172e-05
0.192 -2.19193706388178e-05
0.193 -2.26133185608542e-05
0.194 -2.33254783150882e-05
0.195 -2.40562302368421e-05
0.196 -2.48059605858988e-05
0.197 -2.55750616076095e-05
0.198 -2.63639315943115e-05
0.199 -2.71729749470548e-05
0.2 -2.8002602237637e-05
0.201 -2.88532302709457e-05
0.202 -2.97252821476107e-05
0.203 -3.06191873269633e-05
0.204 -3.15353816903032e-05
0.205 -3.24743076044733e-05
0.206 -3.34364139857417e-05
0.207 -3.44221563639906e-05
0.208 -3.54319969472122e-05
0.209 -3.64664046863116e-05
0.21 -3.75258553402155e-05
0.211 -3.86108315412865e-05
0.212 -3.97218228610445e-05
0.213 -4.08593258761934e-05
0.214 -4.20238442349514e-05
0.215 -4.3215888723689e-05
0.216 -4.44359773338701e-05
0.217 -4.56846353292968e-05
0.218 -4.69623953136604e-05
0.219 -4.82697972983947e-05
0.22 -4.96073887708331e-05
0.221 -5.09757247626702e-05
0.222 -5.23753679187228e-05
0.223 -5.38068885659978e-05
0.224 -5.52708647830594e-05
0.225 -5.67678824696982e-05
0.226 -5.82985354169039e-05
0.227 -5.98634253771369e-05
0.228 -6.14631621349e-05
0.229 -6.30983635776149e-05
0.23 -6.47696557667917e-05
0.231 -6.64776730095053e-05
0.232 -6.82230579301645e-05
0.233 -7.00064615425838e-05
0.234 -7.18285433223529e-05
0.235 -7.36899712795023e-05
0.236 -7.5591422031467e-05
0.237 -7.75335808763489e-05
0.238 -7.95171418664739e-05
0.239 -8.15428078822433e-05
0.24 -8.36112907062861e-05
0.241 -8.57233110978981e-05
0.242 -8.78795988677859e-05
0.243 -9.00808929530934e-05
0.244 -9.23279414927311e-05
0.245 -9.46215019029931e-05
0.246 -9.69623409534687e-05
0.247 -9.93512348432432e-05
0.248 -0.000101788969277393
0.249 -0.000104276339543769
0.25 -0.00010681415059007
0.251 -0.000109403217101211
0.252 -0.000112044363576967
0.253 -0.00011473842440992
0.254 -0.000117486243963684
0.255 -0.000120288676651421
0.256 -0.000123146587014638
0.257 -0.000126060849802278
0.258 -0.000129032350050086
0.259 -0.000132061983160267
0.26 -0.00013515065498142
0.261 -0.000138299281888762
0.262 -0.000141508790864628
0.263 -0.000144780119579254
0.264 -0.00014811421647184
0.265 -0.000151512040831892
0.266 -0.000154974562880842
0.267 -0.000158502763853951
0.268 -0.000162097636082477
0.269 -0.000165760183076131
0.27 -0.000169491419605803
0.271 -0.00017329237178656
0.272 -0.00017716407716092
0.273 -0.000181107584782403
0.274 -0.000185123955299336
0.275 -0.000189214261038954
0.276 -0.000193379586091746
0.277 -0.000197621026396089
0.278 -0.000201939689823131
0.279 -0.000206336696261955
0.28 -0.000210813177705006
0.281 -0.000215370278333768
0.282 -0.000220009154604726
0.283 -0.000224730975335571
0.284 -0.000229536921791672
0.285 -0.000234428187772821
0.286 -0.000239405979700206
0.287 -0.000244471516703673
0.288 -0.000249626030709225
0.289 -0.000254870766526775
0.29 -0.000260206981938171
0.291 -0.000265635947785446
0.292 -0.000271158948059342
0.293 -0.000276777279988067
0.294 -0.000282492254126311
0.295 -0.000288305194444506
0.296 -0.000294217438418326
0.297 -0.000300230337118434
0.298 -0.000306345255300472
0.299 -0.0003125635714953
0.3 -0.000318886678099446
0.301 -0.000325315981465836
0.302 -0.000331852901994721
0.303 -0.000338498874224862
0.304 -0.000345255346924938
0.305 -0.000352123783185193
0.306 -0.0003591056605093
0.307 -0.000366202470906467
0.308 -0.000373415720983762
0.309 -0.000380746932038657
0.31 -0.000388197640151813
0.311 -0.000395769396280054
0.312 -0.000403463766349602
0.313 -0.000411282331349492
0.314 -0.000419226687425216
0.315 -0.000427298445972591
0.316 -0.000435499233731816
0.317 -0.000443830692881756
0.318 -0.000452294481134433
0.319 -0.000460892271829699
0.32 -0.000469625754030151
0.321 -0.000478496632616207
0.322 -0.000487506628381411
0.323 -0.000496657478127916
0.324 -0.000505950934762167
0.325 -0.000515388767390777
0.326 -0.000524972761416599
0.327 -0.000534704718634969
0.328 -0.000544586457330149
0.329 -0.000554619812371943
0.33 -0.000564806635312498
0.331 -0.000575148794483286
0.332 -0.000585648175092243
0.333 -0.000596306679321113
0.334 -0.000607126226422927
0.335 -0.000618108752819674
0.336 -0.000629256212200116
0.337 -0.000640570575617793
0.338 -0.000652053831589148
0.339 -0.000663707986191853
0.34 -0.000675535063163249
0.341 -0.000687537103998954
0.342 -0.000699716168051629
0.343 -0.000712074332629863
0.344 -0.000724613693097219
0.345 -0.000737336362971418
0.346 -0.000750244474023633
0.347 -0.000763340176377957
0.348 -0.000776625638610967
0.349 -0.00079010304785142
0.35 -0.00080377460988009
0.351 -0.000817642549229687
0.352 -0.000831709109284937
0.353 -0.000845976552382727
0.354 -0.000860447159912404
0.355 -0.000875123232416153
0.356 -0.000890007089689454
0.357 -0.000905101070881709
0.358 -0.000920407534596869
0.359 -0.00093592885899425
0.36 -0.00095166744188933
0.361 -0.000967625700854743
0.362 -0.000983806073321226
0.363 -0.00100021101667876
0.364 -0.00101684300837772
0.365 -0.00103370454603007
0.366 -0.00105079814751068
0.367 -0.00106812635105865
0.368 -0.00108569171537876
0.369 -0.00110349681974283
0.37 -0.00112154426409129
0.371 -0.00113983666913468
0.372 -0.00115837667645524
0.373 -0.00117716694860851
0.374 -0.00119621016922494
0.375 -0.00121550904311156
0.376 -0.00123506629635365
0.377 -0.00125488467641641
0.378 -0.00127496695224667
0.379 -0.00129531591437459
0.38 -0.00131593437501529
0.381 -0.00133682516817064
0.382 -0.00135799114973083
0.383 -0.00137943519757608
0.384 -0.00140116021167827
0.385 -0.00142316911420252
0.386 -0.00144546484960882
0.387 -0.00146805038475345
0.388 -0.00149092870899059
0.389 -0.00151410283427367
0.39 -0.00153757579525682
0.391 -0.00156135064939612
0.392 -0.00158543047705089
0.393 -0.00160981838158488
0.394 -0.00163451748946733
0.395 -0.00165953095037404
0.396 -0.0016848619372882
0.397 -0.00171051364660132
0.398 -0.00173648929821387
0.399 -0.00176279213563593
0.4 -0.00178942542608768
0.401 -0.00181639246059971
0.402 -0.00184369655411334
0.403 -0.00187134104558067
0.404 -0.00189932929806452
0.405 -0.0019276646988383
0.406 -0.00195635065948558
0.407 -0.00198539061599962
0.408 -0.00201478802888266
0.409 -0.00204454638324505
0.41 -0.00207466918890419
0.411 -0.00210515998048331
0.412 -0.00213602231750996
0.413 -0.00216725978451438
0.414 -0.0021988759911276
0.415 -0.0022308745721794
0.416 -0.00226325918779585
0.417 -0.00229603352349686
0.418 -0.00232920129029326
0.419 -0.00236276622478374
0.42 -0.00239673208925152
0.421 -0.00243110267176071
0.422 -0.00246588178625238
0.423 -0.00250107327264041
0.424 -0.00253668099690691
0.425 -0.00257270885119753
0.426 -0.00260916075391624
0.427 -0.00264604064981987
0.428 -0.00268335251011243
0.429 -0.00272110033253884
0.43 -0.00275928814147857
0.431 -0.00279791998803867
0.432 -0.00283699995014667
0.433 -0.00287653213264286
0.434 -0.00291652066737237
0.435 -0.00295696971327672
0.436 -0.00299788345648504
0.437 -0.0030392661104048
0.438 -0.00308112191581215
0.439 -0.00312345514094183
0.44 -0.00316627008157658
0.441 -0.00320957106113612
0.442 -0.00325336243076557
0.443 -0.00329764856942357
0.444 -0.00334243388396973
0.445 -0.00338772280925161
0.446 -0.00343351980819122
0.447 -0.00347982937187106
0.448 -0.00352665601961928
0.449 -0.00357400429909483
0.45 -0.00362187878637152
0.451 -0.00367028408602186
0.452 -0.00371922483120019
0.453 -0.003768705683725
0.454 -0.00381873133416108
0.455 -0.00386930650190071
0.456 -0.00392043593524423
0.457 -0.00397212441148007
0.458 -0.00402437673696409
0.459 -0.00407719774719825
0.46 -0.00413059230690849
0.461 -0.00418456531012198
0.462 -0.00423912168024372
0.463 -0.00429426637013231
0.464 -0.00435000436217495
0.465 -0.0044063406683618
0.466 -0.00446328033035949
0.467 -0.00452082841958383
0.468 -0.00457899003727182
0.469 -0.0046377703145526
0.47 -0.00469717441251792
0.471 -0.00475720752229152
0.472 -0.00481787486509772
0.473 -0.00487918169232901
0.474 -0.00494113328561309
0.475 -0.00500373495687863
0.476 -0.00506699204842026
0.477 -0.00513090993296266
0.478 -0.00519549401372364
0.479 -0.00526074972447635
0.48 -0.00532668252961027
0.481 -0.00539329792419149
0.482 -0.0054606014340218
0.483 -0.00552859861569669
0.484 -0.00559729505666253
0.485 -0.00566669637527236
0.486 -0.00573680822084106
0.487 -0.00580763627369863
0.488 -0.00587918624524347
0.489 -0.00595146387799332
0.49 -0.00602447494563603
0.491 -0.00609822525307843
0.492 -0.00617272063649456
0.493 -0.00624796696337224
0.494 -0.0063239701325588
0.495 -0.00640073607430516
0.496 -0.00647827075030902
0.497 -0.00655658015375647
0.498 -0.00663567030936248
0.499 -0.00671554727340993
0.5 -0.00679621713378746
0.501 -0.0068776860100256
0.502 -0.00695996005333202
0.503 -0.00704304544662499
0.504 -0.0071269484045655
0.505 -0.00721167517358783
0.506 -0.00729723203192907
0.507 -0.00738362528965656
0.508 -0.00747086128869417
0.509 -0.00755894640284712
0.51 -0.00764788703782469
0.511 -0.00773768963126218
0.512 -0.00782836065274056
0.513 -0.00791990660380493
0.514 -0.00801233401798089
0.515 -0.00810564946078976
0.516 -0.00819985952976176
0.517 -0.00829497085444751
0.518 -0.00839099009642785
0.519 -0.0084879239493219
0.52 -0.00858577913879317
0.521 -0.00868456242255422
0.522 -0.00878428059036903
0.523 -0.00888494046405367
0.524 -0.00898654889747533
0.525 -0.00908911277654902
0.526 -0.00919263901923253
0.527 -0.00929713457551959
0.528 -0.00940260642743055
0.529 -0.00950906158900165
0.53 -0.00961650710627167
0.531 -0.00972495005726687
0.532 -0.00983439755198382
0.533 -0.00994485673236969
0.534 -0.0100563347723011
0.535 -0.0101688388775598
0.536 -0.0102823762858074
0.537 -0.0103969542665564
0.538 -0.0105125801211404
0.539 -0.0106292611826808
0.54 -0.0107470048160518
0.541 -0.010865818417843
0.542 -0.0109857094163194
0.543 -0.0111066852713794
0.544 -0.0112287534745093
0.545 -0.011351921548737
0.546 -0.0114761970485816
0.547 -0.0116015875600012
0.548 -0.0117281007003381
0.549 -0.0118557441182613
0.55 -0.0119845254937065
0.551 -0.0121144525378128
0.552 -0.0122455329928577
0.553 -0.0123777746321887
0.554 -0.0125111852601519
0.555 -0.0126457727120186
0.556 -0.0127815448539085
0.557 -0.0129185095827101
0.558 -0.0130566748259979
0.559 -0.0131960485419476
0.56 -0.0133366387192472
0.561 -0.0134784533770056
0.562 -0.0136215005646583
0.563 -0.0137657883618699
0.564 -0.013911324878433
0.565 -0.0140581182541648
0.566 -0.0142061766587996
0.567 -0.0143555082918788
0.568 -0.0145061213826373
0.569 -0.0146580241898865
0.57 -0.0148112250018938
0.571 -0.0149657321362594
0.572 -0.0151215539397893
0.573 -0.015278698788364
0.574 -0.0154371750868052
0.575 -0.0155969912687378
0.576 -0.015758155796449
0.577 -0.0159206771607428
0.578 -0.0160845638807922
0.579 -0.0162498245039871
0.58 -0.016416467605777
0.581 -0.0165845017895129
0.582 -0.0167539356862823
0.583 -0.0169247779547424
0.584 -0.0170970372809486
0.585 -0.0172707223781786
0.586 -0.0174458419867536
0.587 -0.017622404873854
0.588 -0.0178004198333325
0.589 -0.0179798956855216
0.59 -0.0181608412770387
0.591 -0.0183432654805841
0.592 -0.0185271771947383
0.593 -0.0187125853437519
0.594 -0.0188994988773329
0.595 -0.0190879267704286
0.596 -0.0192778780230039
0.597 -0.019469361659814
0.598 -0.0196623867301735
0.599 -0.0198569623077201
0.6 -0.0200530974901745
0.601 -0.0202508013990943
0.602 -0.0204500831796246
0.603 -0.0206509520002422
0.604 -0.0208534170524962
0.605 -0.0210574875507436
0.606 -0.0212631727318785
0.607 -0.0214704818550579
0.608 -0.0216794242014215
0.609 -0.0218900090738066
0.61 -0.022102245796458
0.611 -0.0223161437147322
0.612 -0.0225317121947963
0.613 -0.022748960623322
0.614 -0.0229678984071741
0.615 -0.0231885349730926
0.616 -0.0234108797673706
0.617 -0.0236349422555259
0.618 -0.0238607319219664
0.619 -0.024088258269651
0.62 -0.0243175308197443
0.621 -0.0245485591112642
0.622 -0.0247813527007257
0.623 -0.0250159211617772
0.624 -0.0252522740848318
0.625 -0.0254904210766909
0.626 -0.0257303717601644
0.627 -0.0259721357736817
0.628 -0.0262157227708982
0.629 -0.0264611424202952
0.63 -0.0267084044047736
0.631 -0.02695751842124
0.632 -0.0272084941801879
0.633 -0.0274613414052709
0.634 -0.02771606983287
0.635 -0.0279726892116546
0.636 -0.028231209302135
0.637 -0.0284916398762107
0.638 -0.0287539907167085
0.639 -0.0290182716169171
0.64 -0.0292844923801112
0.641 -0.029552662819072
0.642 -0.029822792755597
0.643 -0.0300948920200054
0.644 -0.0303689704506343
0.645 -0.0306450378933279
0.646 -0.0309231042009206
0.647 -0.0312031792327101
0.648 -0.0314852728539251
0.649 -0.0317693949351832
0.65 -0.0320555553519441
0.651 -0.0323437639839503
0.652 -0.0326340307146651
0.653 -0.0329263654306988
0.654 -0.0332207780212276
0.655 -0.0335172783774064
0.656 -0.03381587639177
0.657 -0.0341165819576286
0.658 -0.0344194049684541
0.659 -0.0347243553172576
0.66 -0.0350314428959581
0.661 -0.035340677594744
0.662 -0.0356520693014242
0.663 -0.035965627900771
0.664 -0.0362813632738549
0.665 -0.0365992852973684
0.666 -0.0369194038429439
0.667 -0.0372417287764581
0.668 -0.0375662699573326
0.669 -0.0378930372378196
0.67 -0.0382220404622822
0.671 -0.038553289466464
0.672 -0.0388867940767477
0.673 -0.0392225641094065
0.674 -0.0395606093698438
0.675 -0.0399009396518245
0.676 -0.0402435647366945
0.677 -0.0405884943925918
0.678 -0.0409357383736478
0.679 -0.0412853064191759
0.68 -0.0416372082528527
0.681 -0.0419914535818865
0.682 -0.0423480520961773
0.683 -0.0427070134674642
0.684 -0.043068347348464
0.685 -0.0434320633719971
0.686 -0.0437981711501047
0.687 -0.0441666802731524
0.688000000000001 -0.0445376003089251
0.689000000000001 -0.0449109408017095
0.690000000000001 -0.0452867112713655
0.691000000000001 -0.0456649212123856
0.692000000000001 -0.0460455800929447
0.693000000000001 -0.0464286973539362
0.694000000000001 -0.0468142824079967
0.695000000000001 -0.0472023446385207
0.696000000000001 -0.047592893398661
0.697000000000001 -0.0479859380103188
0.698000000000001 -0.0483814877631207
0.699000000000001 -0.0487795519133841
0.700000000000001 -0.0491801396830695
0.701000000000001 -0.0495832602587208
0.702000000000001 -0.0499889227903943
0.703000000000001 -0.0503971363905718
0.704000000000001 -0.0508079101330645
0.705000000000001 -0.0512212530519011
0.706000000000001 -0.0516371741402051
0.707000000000001 -0.0520556823490576
0.708000000000001 -0.0524767865863476
0.709000000000001 -0.0529004957156081
0.710000000000001 -0.05332681855484
0.711000000000001 -0.0537557638753203
0.712000000000001 -0.0541873404003999
0.713000000000001 -0.0546215568042841
0.714000000000001 -0.0550584217108009
0.715000000000001 -0.0554979436921561
0.716000000000001 -0.0559401312676713
0.717000000000001 -0.056384992902511
0.718000000000001 -0.0568325370063925
0.719000000000001 -0.057282771932283
0.720000000000001 -0.0577357059750819
0.721000000000001 -0.0581913473702866
0.722000000000001 -0.0586497042926451
0.723000000000001 -0.0591107848547926
0.724000000000001 -0.0595745971058749
0.725000000000001 -0.0600411490301527
0.726000000000001 -0.0605104485455935
0.727000000000001 -0.0609825035024476
0.728000000000001 -0.0614573216818067
0.729000000000001 -0.0619349107941487
0.730000000000001 -0.0624152784778643
0.731000000000001 -0.0628984322977707
0.732000000000001 -0.0633843797436052
0.733000000000001 -0.0638731282285052
0.734000000000001 -0.0643646850874696
0.735000000000001 -0.0648590575758077
0.736000000000001 -0.0653562528675634
0.737000000000001 -0.0658562780539325
0.738000000000001 -0.0663591401416533
0.739000000000001 -0.0668648460513877
0.740000000000001 -0.0673734026160787
0.741000000000001 -0.0678848165792969
0.742000000000001 -0.0683990945935613
0.743000000000001 -0.0689162432186502
0.744000000000001 -0.0694362689198891
0.745000000000001 -0.0699591780664223
0.746000000000001 -0.0704849769294652
0.747000000000001 -0.0710136716805399
0.748000000000001 -0.071545268389692
0.749000000000001 -0.0720797730236853
0.750000000000001 -0.0726171914441823
0.751000000000001 -0.0731575294059038
0.752000000000001 -0.073700792554768
0.753000000000001 -0.0742469864260124
0.754000000000001 -0.0747961164422939
0.755000000000001 -0.0753481879117724
0.756000000000001 -0.0759032060261715
0.757000000000001 -0.0764611758588212
0.758000000000001 -0.0770221023626787
0.759000000000001 -0.0775859903683305
0.760000000000001 -0.0781528445819747
0.761000000000001 -0.0787226695833793
0.762000000000001 -0.0792954698238239
0.763000000000001 -0.0798712496240161
0.764000000000001 -0.0804500131719913
0.765000000000001 -0.0810317645209883
0.766000000000001 -0.0816165075873031
0.767000000000001 -0.0822042461481227
0.768000000000001 -0.0827949838393373
0.769000000000001 -0.0833887241533279
0.770000000000001 -0.0839854704367355
0.771000000000001 -0.0845852258882035
0.772000000000001 -0.0851879935561025
0.773000000000001 -0.0857937763362286
0.774000000000001 -0.0864025769694791
0.775000000000001 -0.0870143980395089
0.776000000000001 -0.0876292419703582
0.777000000000001 -0.0882471110240619
0.778000000000001 -0.0888680072982301
0.779000000000001 -0.0894919327236104
0.780000000000001 -0.090118889061623
0.781000000000001 -0.0907488779018701
0.782000000000001 -0.0913819006596248
0.783000000000001 -0.0920179585732949
0.784000000000001 -0.092657052701857
0.785000000000001 -0.0932991839222724
0.786000000000001 -0.0939443529268735
0.787000000000001 -0.094592560220727
0.788000000000001 -0.0952438061189691
0.789000000000001 -0.0958980907441193
0.790000000000001 -0.0965554140233628
0.791000000000001 -0.0972157756858117
0.792000000000001 -0.0978791752597367
0.793000000000001 -0.0985456120697728
0.794000000000001 -0.0992150852341017
0.795000000000001 -0.0998875936615996
0.796000000000001 -0.100563136048967
0.797000000000001 -0.101241710877826
0.798000000000001 -0.101923316411787
0.799000000000001 -0.102607950693496
0.800000000000001 -0.103295611541648
0.801000000000001 -0.103986296547974
0.802000000000001 -0.104680003074195
0.803000000000001 -0.10537672824896
0.804000000000001 -0.106076468964735
0.805000000000001 -0.106779221874687
0.806000000000001 -0.107484983389518
0.807000000000001 -0.10819374967428
0.808000000000001 -0.108905516645157
0.809000000000001 -0.109620279966225
0.810000000000001 -0.110338035046161
0.811000000000001 -0.111058777034949
0.812000000000001 -0.111782500820537
0.813000000000001 -0.112509201025466
0.814000000000001 -0.11323887200347
0.815000000000001 -0.113971507836048
0.816000000000001 -0.114707102329
0.817000000000001 -0.115445649008929
0.818000000000001 -0.116187141119716
0.819000000000001 -0.116931571618963
0.820000000000001 -0.1176789331744
0.821000000000001 -0.118429218160256
0.822000000000001 -0.11918241865361
0.823000000000001 -0.119938526430694
0.824000000000001 -0.120697532963169
0.825000000000001 -0.121459429414372
0.826000000000001 -0.122224206635517
0.827000000000001 -0.122991855161877
0.828000000000001 -0.123762365208913
0.829000000000001 -0.12453572666839
0.830000000000001 -0.125311929104436
0.831000000000001 -0.126090961749585
0.832000000000001 -0.126872813500769
0.833000000000001 -0.127657472915286
0.834000000000001 -0.128444928206722
0.835000000000001 -0.129235167240847
0.836000000000001 -0.130028177531464
0.837000000000001 -0.13082394623623
0.838000000000001 -0.131622460152434
0.839000000000001 -0.132423705712739
0.840000000000001 -0.13322766898089
0.841000000000001 -0.134034335647379
0.842000000000001 -0.134843691025071
0.843000000000001 -0.135655720044802
0.844000000000001 -0.136470407250924
0.845000000000001 -0.137287736796821
0.846000000000001 -0.138107692440378
0.847000000000001 -0.138930257539423
0.848000000000001 -0.139755415047111
0.849000000000001 -0.140583147507285
0.850000000000001 -0.141413437049786
0.851000000000001 -0.142246265385727
0.852000000000001 -0.143081613802721
0.853000000000001 -0.143919463160076
0.854000000000001 -0.14475979388394
0.855000000000001 -0.14560258596241
0.856000000000001 -0.146447818940593
0.857000000000001 -0.147295471915631
0.858000000000001 -0.148145523531679
0.859000000000001 -0.148997951974839
0.860000000000001 -0.149852734968057
0.861000000000001 -0.150709849765964
0.862000000000001 -0.151569273149691
0.863000000000001 -0.15243098142162
0.864000000000001 -0.153294950400104
0.865000000000001 -0.154161155414139
0.866000000000001 -0.155029571297984
0.867000000000001 -0.155900172385745
0.868000000000001 -0.156772932505909
0.869000000000001 -0.157647824975832
0.870000000000001 -0.158524822596171
0.871000000000001 -0.159403897645293
0.872000000000001 -0.160285021873611
0.873000000000001 -0.161168166497885
0.874000000000001 -0.162053302195474
0.875000000000001 -0.162940399098546
0.876000000000001 -0.163829426788217
0.877000000000001 -0.164720354288672
0.878000000000001 -0.165613150061213
0.879000000000001 -0.166507781998267
0.880000000000001 -0.167404217417346
0.881000000000001 -0.168302423054948
0.882000000000001 -0.16920236506042
0.883000000000001 -0.170104008989758
0.884000000000001 -0.17100731979936
0.885000000000001 -0.171912261839733
0.886000000000001 -0.172818798849139
0.887000000000001 -0.173726893947192
0.888000000000001 -0.174636509628408
0.889000000000001 -0.175547607755688
0.890000000000001 -0.176460149553768
0.891000000000001 -0.177374095602594
0.892000000000001 -0.178289405830653
0.893000000000001 -0.179206039508256
0.894000000000001 -0.180123955240751
0.895000000000001 -0.181043110961692
0.896000000000001 -0.181963463925948
0.897000000000001 -0.182884970702759
0.898000000000001 -0.18380758716873
0.899000000000001 -0.184731268500771
0.900000000000001 -0.185655969168985
0.901000000000001 -0.18658164292949
0.902000000000001 -0.187508242817187
0.903000000000001 -0.188435721138472
0.904000000000001 -0.189364029463882
0.905000000000001 -0.19029311862069
0.906000000000001 -0.191222938685436
0.907000000000001 -0.192153438976399
0.908000000000001 -0.19308456804601
0.909000000000001 -0.194016273673196
0.910000000000001 -0.194948502855682
0.911000000000001 -0.195881201802207
0.912000000000001 -0.196814315924697
0.913000000000001 -0.197747789830367
0.914000000000001 -0.198681567313762
0.915000000000001 -0.199615591348734
0.916000000000001 -0.200549804080356
0.917000000000001 -0.201484146816776
0.918000000000001 -0.202418560020997
0.919000000000001 -0.203352983302597
0.920000000000001 -0.204287355409392
0.921000000000001 -0.205221614219018
0.922000000000001 -0.206155696730459
0.923000000000001 -0.207089539055496
0.924000000000001 -0.208023076410109
0.925000000000001 -0.208956243105791
0.926000000000001 -0.209888972540799
0.927000000000001 -0.210821197191346
0.928000000000001 -0.211752848602719
0.929000000000001 -0.212683857380321
0.930000000000001 -0.213614153180649
0.931000000000001 -0.214543664702208
0.932000000000001 -0.21547231967634
0.933000000000001 -0.216400044857997
0.934000000000001 -0.217326766016428
0.935000000000001 -0.218252407925807
0.936000000000001 -0.21917689435578
0.937000000000001 -0.220100148061943
0.938000000000001 -0.221022090776242
0.939000000000001 -0.221942643197305
0.940000000000001 -0.222861724980699
0.941000000000001 -0.223779254729103
0.942000000000001 -0.224695149982418
0.943000000000001 -0.225609327207799
0.944000000000001 -0.226521701789594
0.945000000000001 -0.227432188019235
0.946000000000001 -0.228340699085028
0.947000000000001 -0.229247147061874
0.948000000000001 -0.230151442900911
0.949000000000001 -0.231053496419079
0.950000000000001 -0.231953216288602
0.951000000000001 -0.232850510026393
0.952000000000001 -0.233745283983379
0.953000000000001 -0.234637443333738
0.954000000000001 -0.235526892064071
0.955000000000001 -0.23641353296247
0.956000000000001 -0.237297267607521
0.957000000000001 -0.238177996357221
0.958000000000001 -0.239055618337799
0.959000000000001 -0.239930031432478
0.960000000000001 -0.240801132270124
0.961000000000001 -0.241668816213823
0.962000000000001 -0.242532977349388
0.963000000000001 -0.243393508473741
0.964000000000001 -0.244250301083257
0.965000000000001 -0.245103245361978
0.966000000000001 -0.245952230169761
0.967000000000001 -0.246797143030337
0.968000000000001 -0.247637870119277
0.969000000000001 -0.248474296251865
0.970000000000001 -0.24930630487089
0.971000000000001 -0.250133778034345
0.972000000000001 -0.250956596403023
0.973000000000001 -0.25177463922804
0.974000000000001 -0.252587784338257
0.975000000000001 -0.253395908127603
0.976000000000001 -0.254198885542314
0.977000000000001 -0.254996590068075
0.978000000000001 -0.255788893717068
0.979000000000001 -0.256575667014919
0.980000000000001 -0.257356778987563
0.981000000000001 -0.258132097147999
0.982000000000001 -0.258901487482948
0.983000000000001 -0.259664814439429
0.984000000000001 -0.260421940911221
0.985000000000001 -0.261172728225227
0.986000000000001 -0.261917036127753
0.987000000000001 -0.262654722770676
0.988000000000001 -0.263385644697504
0.989000000000001 -0.264109656829353
0.990000000000001 -0.264826612450811
0.991000000000001 -0.2655363631957
0.992000000000001 -0.266238759032736
0.993000000000001 -0.266933648251092
0.994000000000001 -0.267620877445844
0.995000000000001 -0.268300291503318
0.996000000000001 -0.268971733586342
0.997000000000001 -0.269635045119372
0.998000000000001 -0.270290065773527
0.999000000000001 -0.270936633451505
1 -0.271574584272405
1.001 -0.272203752556428
1.002 -0.272823970809467
1.003 -0.273435069707601
1.004 -0.274036878081466
1.005 -0.274629222900514
1.006 -0.275211929257176
1.007 -0.275784820350882
1.008 -0.276347717472004
1.009 -0.276900439985656
1.01 -0.277442805315391
1.011 -0.277974628926784
1.012 -0.278495724310896
1.013 -0.279005902967616
1.014 -0.2795049743889
1.015 -0.279992746041874
1.016 -0.280469023351827
1.017 -0.280933609685093
1.018 -0.281386306331786
1.019 -0.281826912488447
1.02 -0.282255225240546
1.021 -0.282671039544873
1.022 -0.283074148211788
1.023 -0.283464341887381
1.024 -0.28384140903547
1.025 -0.284205135919496
1.026 -0.284555306584285
1.027 -0.284891702837684
1.028 -0.285214104232072
1.029 -0.285522288045729
1.03 -0.285816029264101
1.031 -0.286095100560908
1.032 -0.286359272279141
1.033 -0.286608312411917
1.034 -0.286841986583199
1.035 -0.287060058028403
1.036 -0.287262287574842
1.037 -0.287448433622056
1.038 -0.287618252122004
1.039 -0.28777149655911
1.04 -0.287907917930182
1.041 -0.28802726472419
1.042 -0.288129282901902
1.043 -0.288213715875388
1.044 -0.288280304487372
1.045 -0.288328786990463
1.046 -0.288358899026218
1.047 -0.288370373604084
1.048 -0.288362941080184
1.049 -0.288336329135968
1.05 -0.288290262756708
1.051 -0.288224464209858
1.05199999999999 -0.28813865302326
1.05299999999999 -0.288032545963206
1.05399999999999 -0.287905857012345
1.05499999999999 -0.28775829734745
1.05599999999999 -0.287589575317035
1.05699999999999 -0.287399396418804
1.05799999999999 -0.287187463276969
1.05899999999999 -0.286953475619408
1.05999999999999 -0.286697130254662
1.06099999999999 -0.286418121048786
1.06199999999999 -0.286116138902046
1.06299999999999 -0.285790871725442
1.06399999999999 -0.28544200441711
1.06499999999999 -0.285069218838519
1.06599999999999 -0.284672193790551
1.06699999999999 -0.284250604989394
1.06799999999999 -0.283804125042288
1.06899999999999 -0.283332423423103
1.06999999999999 -0.282835166447754
1.07099999999999 -0.282312017249461
1.07199999999999 -0.281762635753832
1.07299999999999 -0.28118667865379
1.07399999999999 -0.280583799384328
1.07499999999999 -0.279953648097104
1.07599999999999 -0.279295871634857
1.07699999999999 -0.278610113505664
1.07799999999999 -0.27789601385702
1.07899999999999 -0.277153209449754
1.07999999999999 -0.276381333631762
1.08099999999999 -0.275580016311583
1.08199999999999 -0.27474888393178
1.08299999999999 -0.273887559442166
1.08399999999999 -0.27299566227285
1.08499999999999 -0.272072808307088
1.08599999999999 -0.271118609853982
1.08699999999999 -0.270132675620986
1.08799999999999 -0.269114610686233
1.08899999999999 -0.268064016470684
1.08999999999999 -0.266980490710088
1.09099999999999 -0.265863627426778
1.09199999999999 -0.264713016901259
1.09299999999999 -0.263528245643625
1.09399999999999 -0.262308896364789
1.09499999999999 -0.261054547947523
1.09599999999999 -0.259764775417317
1.09699999999999 -0.258439149913033
1.09799999999999 -0.257077238657388
1.09899999999999 -0.255678604927236
1.09999999999999 -0.254242808023657
1.10099999999999 -0.252769403241858
1.10199999999999 -0.251257941840876
1.10299999999999 -0.249707971013082
1.10399999999999 -0.248119033853503
1.10499999999999 -0.246490669328927
1.10599999999999 -0.244822412246828
1.10699999999999 -0.243113793224073
1.10799999999999 -0.241364338655448
1.10899999999999 -0.239573570681962
1.10999999999999 -0.237741007158972
1.11099999999999 -0.235866161624074
1.11199999999999 -0.233948543264817
1.11299999999999 -0.231987656886195
1.11399999999999 -0.229983002877936
1.11499999999999 -0.22793407718158
1.11599999999999 -0.225840371257353
1.11699999999999 -0.223701372050828
1.11799999999999 -0.221516561959366
1.11899999999999 -0.219285418798357
1.11999999999999 -0.21700741576724
1.12099999999999 -0.214682021415311
1.12199999999999 -0.212308699607302
1.12299999999999 -0.209886909488762
1.12399999999999 -0.207416105451208
1.12499999999999 -0.204895737097059
1.12599999999999 -0.202325249204337
1.12699999999999 -0.199704081691174
1.12799999999999 -0.197031669580058
1.12899999999999 -0.19430744296189
1.12999999999999 -0.191530826959789
1.13099999999999 -0.188701241692684
1.13199999999999 -0.185818102238674
1.13299999999999 -0.182880818598152
1.13399999999999 -0.179888795656712
1.13499999999999 -0.17684143314781
1.13599999999999 -0.173738125615203
1.13699999999999 -0.170578262375139
1.13799999999999 -0.167361227478333
1.13899999999999 -0.164086399671683
1.13999999999999 -0.160753152359763
1.14099999999999 -0.15736085356607
1.14199999999999 -0.153908865894036
1.14299999999998 -0.150396546487785
1.14399999999998 -0.146823246992667
1.14499999999998 -0.143188313515525
1.14599999999998 -0.139491086584736
1.14699999999998 -0.135730901109988
1.14799999999998 -0.131907086341822
1.14899999999998 -0.128018965830915
1.14999999999998 -0.124065857387119
1.15099999999998 -0.120047073038238
1.15199999999998 -0.115961918988565
1.15299999999998 -0.111809695577148
1.15399999999998 -0.107589697235813
1.15499999999998 -0.103301212446921
1.15599999999998 -0.098943523700871
1.15699999999998 -0.0945159074533381
1.15799999999998 -0.0900176340822542
1.15899999999998 -0.0854479678445189
1.15999999999998 -0.0808061668324556
1.16099999999998 -0.0760914829299924
1.16199999999998 -0.0713031617685806
1.16299999999998 -0.0664404426828433
1.16399999999998 -0.061502558665954
1.16499999999998 -0.0564887363247439
1.16599999999998 -0.0513981958345349
1.16699999999998 -0.0462301508937007
1.16799999999998 -0.0409838086779497
1.16899999999998 -0.0356583697943325
1.16999999999998 -0.0302530282349696
1.17099999999998 -0.0247669713305018
1.17199999999998 -0.0191993797032508
1.17299999999998 -0.0135494272201131
1.17399999999998 -0.00781628094514809
1.17499999999998 -0.00199910109190039
1.17599999999998 0.00390295902457846
1.17699999999998 0.00989075303599233
1.17799999999998 0.01596514156935
1.17899999999998 0.0221269922958161
1.17999999999998 0.0283771799798406
1.18099999999998 0.0347165865286001
1.18199999999998 0.0411461010417199
1.18299999999998 0.0476666198613045
1.18399999999998 0.0542790466222634
1.18499999999998 0.0609842923029338
1.18599999999998 0.0677832752760175
1.18699999999998 0.074676921359804
1.18799999999998 0.0816661638697194
1.18899999999998 0.0887519436701631
1.18999999999998 0.0959352092266668
1.19099999999998 0.103216916658357
1.19199999999998 0.11059802979073
1.19299999999998 0.118079520208744
1.19399999999998 0.125662367310217
1.19499999999998 0.133347558359557
1.19599999999998 0.141136088541787
1.19699999999998 0.149028961016915
1.19799999999998 0.157027186974608
1.19899999999998 0.165131785689191
1.19999999999998 0.173343784574983
1.20099999999998 0.181664219241936
1.20199999999998 0.190094133551629
1.20299999999998 0.19863457967357
1.20399999999998 0.207286618141839
1.20499999999998 0.216051317912059
1.20599999999998 0.22492975641871
1.20699999999998 0.233923019632769
1.20799999999998 0.243032202119687
1.20899999999998 0.252258407097722
1.20999999999998 0.261602746496591
1.21099999999998 0.271066341016478
1.21199999999998 0.280650320187386
1.21299999999998 0.290355822428832
1.21399999999998 0.300183995109885
1.21499999999998 0.31013599460957
1.21599999999998 0.320212986377607
1.21699999999998 0.330416144995504
1.21799999999998 0.340746654238021
1.21899999999998 0.351205707134971
1.21999999999998 0.361794506033392
1.22099999999998 0.372514262660076
1.22199999999998 0.383366198184454
1.22299999999998 0.39435154328186
1.22399999999998 0.405471538197138
1.22499999999998 0.41672743280864
1.22599999999998 0.428120486692575
1.22699999999998 0.439651969187741
1.22799999999998 0.451323159460624
1.22899999999998 0.463135346570866
1.22999999999998 0.475089829537133
1.23099999999998 0.487187917403321
1.23199999999998 0.499430929305187
1.23299999999998 0.511820194537332
1.23399999999997 0.524357052620564
1.23499999999997 0.537042853369695
1.23599999999997 0.549878956961643
1.23699999999997 0.562866734004018
1.23799999999997 0.576007565604007
1.23899999999997 0.589302843437743
1.23999999999997 0.602753969819984
1.24099999999997 0.616362357774246
1.24199999999997 0.630129431103336
1.24299999999997 0.64405662446023
1.24399999999997 0.65814538341943
1.24499999999997 0.672397164548659
1.24599999999997 0.686813435481007
1.24699999999997 0.701395674987486
1.24799999999997 0.716145373049941
1.24899999999997 0.731064030934449
1.24999999999997 0.74615316126509
1.25099999999997 0.761414288098136
1.25199999999997 0.776848946996668
1.25299999999997 0.79245868510561
1.25399999999997 0.808245061227203
1.25499999999997 0.824209645896858
1.25599999999997 0.840354021459507
1.25699999999997 0.856679782146295
1.25799999999997 0.873188534151798
1.25899999999997 0.889881895711593
1.25999999999997 0.906761497180307
1.26099999999997 0.923828981110113
1.26199999999997 0.941086002329608
1.26299999999997 0.958534228023202
1.26399999999997 0.9761753378109
1.26499999999997 0.994011023828581
1.26599999999997 1.01204299080864
1.26699999999997 1.03027295616117
1.26799999999997 1.04870265005557
1.26899999999997 1.06733381550255
1.26999999999997 1.08616820843668
1.27099999999997 1.10520759779935
1.27199999999997 1.12445376562217
1.27299999999997 1.1439085071109
1.27399999999997 1.16357363072978
1.27499999999997 1.18345095828634
1.27599999999997 1.20354232501674
1.27699999999997 1.22384957967148
1.27799999999997 1.24437458460169
1.27899999999997 1.26511921584578
1.27999999999997 1.28608536321671
1.28099999999997 1.3072749303896
1.28199999999997 1.32868983498993
1.28299999999997 1.35033200868214
1.28399999999997 1.3722033972588
1.28499999999997 1.39430596073023
1.28599999999997 1.41664167341455
1.28699999999997 1.43921252402838
1.28799999999997 1.46202051577787
1.28899999999997 1.48506766645034
1.28999999999997 1.50835600850635
1.29099999999997 1.53188758917237
1.29199999999997 1.55566447053381
1.29299999999997 1.57968872962872
1.29399999999997 1.60396245854186
1.29499999999997 1.62848776449939
1.29599999999997 1.65326676996404
1.29699999999997 1.67830161273073
1.29799999999997 1.70359444602285
1.29899999999997 1.72914743858891
1.29999999999997 1.75496277479983
1.30099999999997 1.78104265474671
1.30199999999997 1.80738929433916
1.30299999999997 1.83400492540409
1.30399999999997 1.86089179578512
1.30499999999997 1.8880521694425
1.30599999999997 1.9154883265535
1.30699999999997 1.9432025636135
1.30799999999997 1.97119719353747
1.30899999999997 1.99947454576204
1.30999999999997 2.02803696634823
1.31099999999997 2.05688681808452
1.31199999999997 2.08602648059069
1.31299999999997 2.11545835042204
1.31399999999997 2.14518484117438
1.31499999999997 2.17520838358931
1.31599999999997 2.20553142566029
1.31699999999997 2.23615643273926
1.31799999999997 2.26708588764361
1.31899999999997 2.29832229076404
1.31999999999997 2.32986816017273
1.32099999999997 2.36172603173228
1.32199999999997 2.39389845920509
1.32299999999997 2.42638801436345
1.32399999999996 2.45919728710007
1.32499999999996 2.49232888553931
1.32599999999996 2.52578543614903
1.32699999999996 2.55956958385285
1.32799999999996 2.59368399214327
1.32899999999996 2.62813134319518
1.32999999999996 2.66291433798
1.33099999999996 2.69803569638061
1.33199999999996 2.73349815730657
1.33299999999996 2.76930447881033
1.33399999999996 2.80545743820364
1.33499999999996 2.84195983217495
1.33599999999996 2.87881447690721
1.33699999999996 2.91602420819636
1.33799999999996 2.95359188157042
1.33899999999996 2.99152037240922
1.33999999999996 3.02981257606483
1.34099999999996 3.06847140798241
1.34199999999996 3.10749980382205
1.34299999999996 3.14690071958082
1.34399999999996 3.18667713171585
1.34499999999996 3.22683203726784
1.34599999999996 3.26736845398521
1.34699999999996 3.30828942044906
1.34799999999996 3.34959799619854
1.34899999999996 3.39129726185719
1.34999999999996 3.43339031925959
1.35099999999996 3.475880291579
1.35199999999996 3.51877032345541
1.35299999999996 3.56206358112436
1.35399999999996 3.60576325254654
1.35499999999996 3.6498725475378
1.35599999999996 3.69439469790016
1.35699999999996 3.73933295755317
1.35799999999996 3.78469060266623
1.35899999999996 3.83047093179147
1.35999999999996 3.87667726599721
1.36099999999996 3.9233129490025
1.36199999999996 3.97038134731172
1.36299999999996 4.01788585035061
1.36399999999996 4.06582987060238
1.36499999999996 4.11421684374493
1.36599999999996 4.16305022878857
1.36699999999996 4.21233350821447
1.36799999999996 4.26207018811404
1.36899999999996 4.31226379832858
1.36999999999996 4.36291789259024
1.37099999999996 4.41403604866305
1.37199999999996 4.46562186848528
1.37299999999996 4.51767897831221
1.37399999999996 4.57021102885952
1.37499999999996 4.62322169544782
1.37599999999996 4.67671467814749
1.37699999999996 4.73069370192459
1.37799999999996 4.78516251678727
1.37899999999996 4.84012489793311
1.37999999999996 4.89558464589714
1.38099999999996 4.95154558670058
1.38199999999996 5.00801157200042
1.38299999999996 5.06498647923964
1.38399999999996 5.12247421179838
1.38499999999996 5.18047869914569
1.38599999999996 5.23900389699222
1.38699999999996 5.29805378744351
1.38799999999996 5.35763237915419
1.38899999999996 5.41774370748293
1.38999999999996 5.47839183464816
1.39099999999996 5.5395808498846
1.39199999999996 5.60131486960055
1.39299999999996 5.66359803753601
1.39399999999996 5.72643452492165
1.39499999999996 5.7898285306383
1.39599999999996 5.85378428137779
1.39699999999996 5.91830603180396
1.39799999999996 5.9833980647151
1.39899999999996 6.04906469120659
1.39999999999996 6.11531025083496
1.40099999999996 6.18213911178235
1.40199999999996 6.24955567102188
1.40299999999996 6.31756435448404
1.40399999999996 6.3861696172238
1.40499999999996 6.45537594358838
1.40599999999996 6.52518784738606
1.40699999999996 6.59560987205607
1.40799999999996 6.66664659083864
1.40899999999996 6.73830260694664
1.40999999999996 6.81058255373757
1.41099999999996 6.88349109488679
1.41199999999996 6.95703292456116
1.41299999999996 7.03121276759406
1.41399999999996 7.10603537966086
1.41499999999995 7.18150554745557
1.41599999999995 7.2576280888681
1.41699999999995 7.33440785316262
1.41799999999995 7.41184972115667
1.41899999999995 7.48995860540128
1.41999999999995 7.56873945036191
1.42099999999995 7.64819723260018
1.42199999999995 7.72833696095675
1.42299999999995 7.80916367673481
1.42399999999995 7.89068245388491
1.42499999999995 7.97289839919007
1.42599999999995 8.05581665245245
1.42699999999995 8.13944238668066
1.42799999999995 8.22378080827765
1.42899999999995 8.30883715723031
1.42999999999995 8.39461670729926
1.43099999999995 8.48112476621007
1.43199999999995 8.568366675845
1.43299999999995 8.65634781243616
1.43399999999995 8.74507358675923
1.43499999999995 8.83454944432824
1.43599999999995 8.92478086559151
1.43699999999995 9.01577336612815
1.43799999999995 9.10753249684586
1.43899999999995 9.20006384417971
1.43999999999995 9.29337303029148
1.44099999999995 9.38746571327055
1.44199999999995 9.48234758733532
1.44299999999995 9.57802438303589
1.44399999999995 9.67450186745741
1.44499999999995 9.77178584442509
1.44599999999995 9.86988215470906
1.44699999999995 9.96879667623156
1.44799999999995 10.0685353242741
1.44899999999995 10.1691040516863
1.44999999999995 10.2705088490951
1.45099999999995 10.3727557451157
1.45199999999995 10.4758508065632
1.45299999999995 10.5798001386648
1.45399999999995 10.6846098852739
1.45499999999995 10.7902862290847
1.45599999999995 10.8968353918479
1.45699999999995 11.0042636345875
1.45799999999995 11.1125772578184
1.45899999999995 11.221782601766
1.45999999999995 11.3318860465852
1.46099999999995 11.4428940125822
1.46199999999995 11.554812960436
1.46299999999995 11.6676493914218
1.46399999999995 11.7814098476355
1.46499999999995 11.8961009122182
1.46599999999995 12.0117292095833
1.46699999999995 12.1283014056437
1.46799999999995 12.2458242080403
1.46899999999995 12.3643043663716
1.46999999999995 12.4837486724248
1.47099999999995 12.6041639604072
1.47199999999995 12.7255571071792
1.47299999999995 12.847935032489
1.47399999999995 12.9713046992067
1.47499999999995 13.0956731135617
1.47599999999995 13.2210473253796
1.47699999999995 13.3474344283205
1.47799999999995 13.4748415601196
1.47899999999995 13.603275902827
1.47999999999995 13.7327446830506
1.48099999999995 13.8632551721985
1.48199999999995 13.994814686724
1.48299999999995 14.1274305883705
1.48399999999995 14.2611102844184
1.48499999999995 14.3958612279331
1.48599999999995 14.5316909180131
1.48699999999995 14.6686069000417
1.48799999999995 14.8066167659365
1.48899999999995 14.9457281544035
1.48999999999995 15.0859487511899
1.49099999999995 15.2272862893392
1.49199999999995 15.3697485494477
1.49299999999995 15.5133433599212
1.49399999999995 15.6580785972341
1.49499999999995 15.8039621861887
1.49599999999995 15.9510021001767
1.49699999999995 16.099206361441
1.49799999999995 16.2485830413391
1.49899999999995 16.3991402606081
1.49999999999995 16.5508861896306
1.50099999999995 16.7038290487014
1.50199999999995 16.8579771082963
1.50299999999995 17.0133386893421
1.50399999999995 17.1699221634869
1.50499999999995 17.3277359533725
1.50599999999994 17.4867885329081
1.50699999999994 17.6470884275449
1.50799999999994 17.8086442145522
1.50899999999994 17.9714645232944
1.50999999999994 18.1355580355105
1.51099999999994 18.3009334855928
1.51199999999994 18.4675996608692
1.51299999999994 18.6355654018852
1.51399999999994 18.8048396026875
1.51499999999994 18.9754312111102
1.51599999999994 19.14734922906
1.51699999999994 19.3206027128047
1.51799999999994 19.4952007732625
1.51899999999994 19.6711525762921
1.51999999999994 19.8484673429849
1.52099999999994 20.0271543499578
1.52199999999994 20.2072229296479
1.52299999999994 20.3886824706086
1.52399999999994 20.5715424178067
1.52499999999994 20.7558122729211
1.52599999999994 20.9415015946427
1.52699999999994 21.1286199989761
1.52799999999994 21.3171771595419
1.52899999999994 21.5071828078816
1.52999999999994 21.6986467337624
1.53099999999994 21.8915787854849
1.53199999999994 22.085988870191
1.53299999999994 22.2818869541739
1.53399999999994 22.4792830631897
1.53499999999994 22.6781872827691
1.53599999999994 22.8786097585329
1.53699999999994 23.0805606965061
1.53799999999994 23.2840503634359
1.53899999999994 23.4890890871099
1.53999999999994 23.6956872566757
1.54099999999994 23.9038553229625
1.54199999999994 24.1136037988038
1.54299999999994 24.3249432593619
1.54399999999994 24.5378843424534
1.54499999999994 24.7524377488768
1.54599999999994 24.9686142427409
1.54699999999994 25.1864246517951
1.54799999999994 25.4058798677613
1.54899999999994 25.6269908466671
1.54999999999994 25.8497686091805
1.55099999999994 26.0742242409461
1.55199999999994 26.3003688929233
1.55299999999994 26.5282137817253
1.55399999999994 26.7577701899596
1.55499999999994 26.9890494665714
1.55599999999994 27.2220630271867
1.55699999999994 27.4568223544584
1.55799999999994 27.6933389984129
1.55899999999994 27.931624576799
1.55999999999994 28.1716907754382
1.56099999999994 28.4135493485763
1.56199999999994 28.657212119237
1.56299999999994 28.9026909795765
1.56399999999994 29.1499978912408
1.56499999999994 29.3991448857228
1.56599999999994 29.6501440647234
1.56699999999994 29.9030076005114
1.56799999999994 30.1577477362882
1.56899999999994 30.4143767865507
1.56999999999994 30.6729071374592
1.57099999999994 30.9333512472043
1.57199999999994 31.1957216463768
1.57299999999994 31.4600309383387
1.57399999999994 31.7262917995966
1.57499999999994 31.9945169801758
1.57599999999994 32.2647193039969
1.57699999999994 32.536911669253
1.57799999999994 32.8111070487901
1.57899999999994 33.0873184904882
1.57999999999994 33.3655591176438
1.58099999999994 33.6458421293554
1.58199999999994 33.9281808009084
1.58299999999994 34.2125884841658
1.58399999999994 34.4990786079549
1.58499999999994 34.7876646784615
1.58599999999994 35.0783602796217
1.58699999999994 35.3711790735176
1.58799999999994 35.6661348007737
1.58899999999994 35.9632412809557
1.58999999999994 36.2625124129711
1.59099999999994 36.5639621754702
1.59199999999994 36.867604627252
1.59299999999994 37.1734539076671
1.59399999999994 37.4815242370278
1.59499999999994 37.7918299170155
1.59599999999994 38.1043853310929
1.59699999999993 38.4192049449162
1.59799999999993 38.7363033067496
1.59899999999993 39.0556950478828
1.59999999999993 39.377394883048
1.60099999999993 39.7014176108414
1.60199999999993 40.0277781141441
1.60299999999993 40.3564913605464
1.60399999999993 40.6875724027743
1.60499999999993 41.021036379115
1.60599999999993 41.3568985138492
1.60699999999993 41.6951741176799
1.60799999999993 42.0358785881669
1.60899999999993 42.3790274101622
1.60999999999993 42.7246361562461
1.61099999999993 43.0727204871664
1.61199999999993 43.4232961522799
1.61299999999993 43.7763789899944
1.61399999999993 44.131984928214
1.61499999999993 44.4901299847848
1.61599999999993 44.8508302679453
1.61699999999993 45.2141019767742
1.61799999999993 45.5799614016461
1.61899999999993 45.948424924683
1.61999999999993 46.3195090202129
1.62099999999993 46.693230255227
1.62199999999993 47.069605289841
1.62299999999993 47.4486508777559
1.62399999999993 47.8303838667248
1.62499999999993 48.2148211990171
1.62599999999993 48.6019799118884
1.62699999999993 48.9918771380499
1.62799999999993 49.3845301061417
1.62899999999993 49.7799561412073
1.62999999999993 50.1781726651693
1.63099999999993 50.5791971973091
1.63199999999993 50.9830473547466
1.63299999999993 51.3897408529245
1.63399999999993 51.7992955060908
1.63499999999993 52.2117292277884
1.63599999999993 52.6270600313421
1.63699999999993 53.0453060303503
1.63799999999993 53.4664854391789
1.63899999999993 53.8906165734558
1.63999999999993 54.317717850569
1.64099999999993 54.7478077901648
1.64199999999993 55.1809050146525
1.64299999999993 55.6170282497055
1.64399999999993 56.0561963247677
1.64499999999993 56.4984281735636
1.64599999999993 56.9437428346063
1.64699999999993 57.3921594517122
1.64799999999993 57.8436972745139
1.64899999999993 58.2983756589789
1.64999999999993 58.7562140679269
1.65099999999993 59.2172320715527
1.65199999999993 59.6814493479489
1.65299999999993 60.1488856836328
1.65399999999993 60.6195609740728
1.65499999999993 61.0934952242203
1.65599999999993 61.5707085490407
1.65699999999993 62.0512211740499
1.65799999999993 62.5350534358501
1.65899999999993 63.0222257826699
1.65999999999993 63.512758774905
1.66099999999993 64.0066730856637
1.66199999999993 64.5039895013115
1.66299999999993 65.0047289220198
1.66399999999993 65.5089123623191
1.66499999999993 66.0165609516485
1.66599999999993 66.5276959349145
1.66699999999993 67.0423386730469
1.66799999999993 67.5605106435589
1.66899999999993 68.0822334411126
1.66999999999993 68.6075287780788
1.67099999999993 69.1364184851096
1.67199999999993 69.6689245117051
1.67299999999993 70.2050689267859
1.67399999999993 70.7448739192681
1.67499999999993 71.2883617986403
1.67599999999993 71.8355549955423
1.67699999999993 72.3864760623479
1.67799999999993 72.9411476737479
1.67899999999993 73.4995926273376
1.67999999999993 74.0618338442057
1.68099999999993 74.6278943695254
1.68199999999993 75.1977973731498
1.68299999999993 75.7715661502076
1.68399999999993 76.3492241217009
1.68499999999993 76.9307948351085
1.68599999999993 77.5163019649903
1.68699999999993 78.1057693135917
1.68799999999992 78.6992208114538
1.68899999999992 79.2966805180267
1.68999999999992 79.8981726222806
1.69099999999992 80.5037214433245
1.69199999999992 81.113351431025
1.69299999999992 81.7270871666278
1.69399999999992 82.3449533633839
1.69499999999992 82.966974867173
1.69599999999992 83.593176657137
1.69699999999992 84.2235838463098
1.69799999999992 84.8582216822538
1.69899999999992 85.4971155476955
1.69999999999992 86.1402909611667
1.70099999999992 86.7877735776482
1.70199999999992 87.4395891892136
1.70299999999992 88.0957637256775
1.70399999999992 88.7563232552478
1.70499999999992 89.4212939851772
1.70599999999992 90.0907022624208
1.70699999999992 90.7645745742941
1.70799999999992 91.4429375491351
1.70899999999992 92.1258179569684
1.70999999999992 92.813242710171
1.71099999999992 93.5052388641453
1.71199999999992 94.2018336179876
1.71299999999992 94.9030543151656
1.71399999999992 95.608928444197
1.71499999999992 96.3194836393282
1.71599999999992 97.0347476812194
1.71699999999992 97.7547484976313
1.71799999999992 98.479514164113
1.71899999999992 99.2090729046947
1.71999999999992 99.9434530925828
1.72099999999992 100.682683250857
1.72199999999992 101.426792053172
1.72299999999992 102.175808324459
1.72399999999992 102.929761041634
1.72499999999992 103.688679334306
1.72599999999992 104.452592485487
1.72699999999992 105.221529932311
1.72799999999992 105.995521266751
1.72899999999992 106.774596236335
1.72999999999992 107.558784744877
1.73099999999992 108.348116853197
1.73199999999992 109.142622779855
1.73299999999992 109.942332901881
1.73399999999992 110.747277755514
1.73499999999992 111.557488036935
1.73599999999992 112.372994603012
1.73699999999992 113.193828472047
1.73799999999992 114.020020824517
1.73899999999992 114.851603003829
1.73999999999992 115.688606517074
1.74099999999992 116.531063035781
1.74199999999992 117.379004396678
1.74299999999992 118.232462602453
1.74399999999992 119.091469822525
1.74499999999992 119.956058393805
1.74599999999992 120.826260821475
1.74699999999992 121.70210977976
1.74799999999992 122.583638112706
1.74899999999992 123.47087883496
1.74999999999992 124.36386513256
1.75099999999992 125.262630363715
1.75199999999992 126.167208059601
1.75299999999992 127.077631925156
1.75399999999992 127.993935839869
1.75499999999992 128.916153858592
1.75599999999992 129.844320212335
1.75699999999992 130.778469309074
1.75799999999992 131.718635734563
1.75899999999992 132.664854253147
1.75999999999992 133.617159808579
1.76099999999992 134.575587524835
1.76199999999992 135.540172706943
1.76299999999992 136.510950841807
1.76399999999992 137.487957599036
1.76499999999992 138.471228831775
1.76599999999992 139.460800577547
1.76699999999992 140.456709059087
1.76799999999992 141.458990685184
1.76899999999992 142.467682051536
1.76999999999992 143.482819941588
1.77099999999992 144.504441327393
1.77199999999992 145.532583370466
1.77299999999992 146.567283422639
1.77399999999992 147.608579026934
1.77499999999992 148.656507918422
1.77599999999992 149.711108025093
1.77699999999992 150.772417468734
1.77799999999991 151.8404745658
1.77899999999991 152.915317828302
1.77999999999991 153.996985964681
1.78099999999991 155.085517880705
1.78199999999991 156.180952680353
1.78299999999991 157.28332966671
1.78399999999991 158.39268834287
1.78499999999991 159.509068412831
1.78599999999991 160.632509782405
1.78699999999991 161.76305256012
1.78799999999991 162.900737058141
1.78899999999991 164.045603793177
1.78999999999991 165.197693487407
1.79099999999991 166.357047069396
1.79199999999991 167.523705675027
1.79299999999991 168.697710648431
1.79399999999991 169.879103542916
1.79499999999991 171.067926121908
1.79599999999991 172.264220359893
1.79699999999991 173.468028443356
1.79799999999991 174.679392771739
1.79899999999991 175.898355958382
1.79999999999991 177.12496083149
1.80099999999991 178.359250435082
1.80199999999991 179.60126802996
1.80299999999991 180.851057094678
1.80399999999991 182.108661326508
1.80499999999991 183.374124642416
1.80599999999991 184.647491180042
1.80699999999991 185.928805298683
1.80799999999991 187.218111580276
1.80899999999991 188.515454830386
1.80999999999991 189.820880079208
1.81099999999991 191.134432582557
1.81199999999991 192.456157822871
1.81299999999991 193.786101510218
1.81399999999991 195.124309583306
1.81499999999991 196.470828210493
1.81599999999991 197.825703790803
1.81699999999991 199.188982954954
1.81799999999991 200.560712566375
1.81899999999991 201.94093972224
1.81999999999991 203.329711754498
1.82099999999991 204.727076230913
1.82199999999991 206.133080956097
1.82299999999991 207.54777397257
1.82399999999991 208.971203561792
1.82499999999991 210.403418245225
1.82599999999991 211.844466785388
1.82699999999991 213.294398186921
1.82799999999991 214.753261697645
1.82899999999991 216.221106809634
1.82999999999991 217.697983260288
1.83099999999991 219.183941033411
1.83199999999991 220.679030360291
1.83299999999991 222.183301720789
1.83399999999991 223.696805844423
1.83499999999991 225.219593711467
1.83599999999991 226.751716554049
1.83699999999991 228.293225857251
1.83799999999991 229.844173360218
1.83899999999991 231.404611057266
1.83999999999991 232.974591198999
1.84099999999991 234.554166293428
1.84199999999991 236.143389107099
1.84299999999991 237.742312666212
1.84399999999991 239.350990257759
1.84499999999991 240.969475430661
1.84599999999991 242.597821996906
1.84699999999991 244.236084032697
1.84799999999991 245.884315879599
1.84899999999991 247.542572145694
1.84999999999991 249.210907706742
1.85099999999991 250.889377707337
1.85199999999991 252.578037562082
1.85299999999991 254.276942956757
1.85399999999991 255.986149849489
1.85499999999991 257.705714471947
1.85599999999991 259.435693330511
1.85699999999991 261.176143207473
1.85799999999991 262.927121162224
1.85899999999991 264.688684532456
1.85999999999991 266.460890935365
1.86099999999991 268.243798268856
1.86199999999991 270.037464712755
1.86299999999991 271.84194873003
1.86399999999991 273.657309068008
1.86499999999991 275.483604759602
1.86599999999991 277.32089512454
1.86699999999991 279.169239770604
1.86799999999991 281.028698594866
1.8689999999999 282.899331784935
1.8699999999999 284.781199820202
1.8709999999999 286.674363473096
1.8719999999999 288.578883810347
1.8729999999999 290.494822194242
1.8739999999999 292.422240283894
1.8749999999999 294.36120003652
1.8759999999999 296.311763708716
1.8769999999999 298.27399385773
1.8779999999999 300.247953342766
1.8789999999999 302.233705326262
1.8799999999999 304.231313275195
1.8809999999999 306.240840962373
1.8819999999999 308.262352467753
1.8829999999999 310.295912179745
1.8839999999999 312.341584796528
1.8849999999999 314.399435327374
1.8859999999999 316.469529093971
1.8869999999999 318.551931731759
1.8879999999999 320.646709191258
1.8889999999999 322.753927739414
1.8899999999999 324.873653960945
1.8909999999999 327.005954759692
1.8919999999999 329.150897359968
1.8929999999999 331.308549307928
1.8939999999999 333.478978472933
1.8949999999999 335.662253048914
1.8959999999999 337.858441555757
1.8969999999999 340.067612840675
1.8979999999999 342.289836079605
1.8989999999999 344.525180778593
1.8999999999999 346.773716775187
1.9009999999999 349.035514239846
1.9019999999999 351.310643677343
1.9029999999999 353.599175928177
1.9039999999999 355.901182169994
1.9049999999999 358.216733919001
1.9059999999999 360.545903031404
1.9069999999999 362.888761704835
1.9079999999999 365.245382479787
1.9089999999999 367.615838241069
1.9099999999999 370.000202219242
1.9109999999999 372.398547992084
1.9119999999999 374.81094948604
1.9129999999999 377.237480977692
1.9139999999999 379.678217095233
1.9149999999999 382.133232819933
1.9159999999999 384.602603487629
1.9169999999999 387.086404790204
1.9179999999999 389.584712777087
1.9189999999999 392.097603856743
1.9199999999999 394.625154798182
1.9209999999999 397.167442732464
1.9219999999999 399.724545154213
1.9229999999999 402.296539923133
1.9239999999999 404.883505265543
1.9249999999999 407.4855197759
1.9259999999999 410.102662418331
1.9269999999999 412.735012528189
1.9279999999999 415.382649813585
1.9289999999999 418.045654356951
1.9299999999999 420.724106616593
1.9309999999999 423.418087428261
1.9319999999999 426.127678006708
1.9329999999999 428.852959947284
1.9339999999999 431.594015227499
1.9349999999999 434.35092620862
1.9359999999999 437.123775637263
1.9369999999999 439.912646646988
1.9379999999999 442.717622759906
1.9389999999999 445.538787888295
1.9399999999999 448.376226336202
1.9409999999999 451.230022801082
1.9419999999999 454.100262375412
1.9429999999999 456.987030548329
1.9439999999999 459.890413207274
1.9449999999999 462.810496639634
1.9459999999999 465.747367534394
1.9469999999999 468.701112983794
1.9479999999999 471.671820484991
1.9489999999999 474.659577941733
1.9499999999999 477.664473666032
1.9509999999999 480.686596379841
1.9519999999999 483.726035216755
1.9529999999999 486.782879723681
1.9539999999999 489.857219862569
1.9549999999999 492.949146012087
1.9559999999999 496.058748969356
1.9569999999999 499.186119951651
1.9579999999999 502.331350598146
1.9589999999999 505.494532971616
1.95999999999989 508.675759560204
1.96099999999989 511.875123279137
1.96199999999989 515.092717472498
1.96299999999989 518.328635914965
1.96399999999989 521.582972813577
1.96499999999989 524.855822809507
1.96599999999989 528.147280979831
1.96699999999989 531.457442839317
1.96799999999989 534.786404342196
1.96899999999989 538.134261883962
1.96999999999989 541.501112303185
1.97099999999989 544.887052883299
1.97199999999989 548.292181354434
1.97299999999989 551.716595895199
1.97399999999989 555.160395134561
1.97499999999989 558.623678153623
1.97599999999989 562.106544487501
1.97699999999989 565.609094127153
1.97799999999989 569.131427521224
1.97899999999989 572.673645577932
1.97999999999989 576.235849666893
1.98099999999989 579.818141621024
1.98199999999989 583.42062373841
1.98299999999989 587.043398784183
1.98399999999989 590.686569992426
1.98499999999989 594.350241068062
1.98599999999989 598.034516188759
1.98699999999989 601.739500006842
1.98799999999989 605.46529765122
1.98899999999989 609.212014729298
1.98999999999989 612.979757328909
1.99099999999989 616.768632020275
1.99199999999989 620.578745857915
1.99299999999989 624.410206382634
1.99399999999989 628.263121623457
1.99499999999989 632.137600099607
1.99599999999989 636.033750822477
1.99699999999989 639.951683297604
1.99799999999989 643.891507526665
1.99899999999989 647.853334009461
1.99999999999989 651.837273745925
