2.33341 2.02084
2.33349 2.02095
2.33357 2.02107
2.33364 2.02118
2.33372 2.0213
2.33381 2.02143
2.33389 2.02155
2.33397 2.02168
2.33405 2.02181
2.33414 2.02195
2.33423 2.02208
2.33431 2.02222
2.3344 2.02237
2.33449 2.02252
2.33458 2.02268
2.33467 2.02284
2.33476 2.023
2.33485 2.02318
2.33494 2.02336
2.33503 2.02355
2.33512 2.02375
2.33521 2.02396
2.3353 2.02419
2.33539 2.02442
2.33549 2.02468
2.33557 2.02494
2.33566 2.02523
2.33575 2.02553
2.33584 2.02585
2.33592 2.0262
2.33601 2.02657
2.33609 2.02697
2.33617 2.0274
2.33624 2.02786
2.33632 2.02835
2.33639 2.02888
2.33646 2.02945
2.33652 2.03007
2.33658 2.03072
2.33664 2.03143
2.33669 2.03219
2.33673 2.033
2.33678 2.03387
2.33681 2.03481
2.33684 2.0358
2.33686 2.03687
2.33688 2.03801
2.33689 2.03922
2.33689 2.0405
2.33688 2.04187
2.33687 2.04332
2.33684 2.04485
2.33681 2.04647
2.33676 2.04818
2.3367 2.04997
2.33664 2.05185
2.33656 2.05382
2.33646 2.05587
2.33635 2.05802
2.33623 2.06025
2.3361 2.06256
2.33594 2.06495
2.33577 2.06741
2.33559 2.06995
2.33538 2.07255
2.33515 2.07522
2.33491 2.07794
2.33464 2.08071
2.33435 2.08352
2.33403 2.08637
2.33369 2.08925
2.33333 2.09214
2.33293 2.09505
2.33251 2.09796
2.33206 2.10087
2.33157 2.10376
2.33105 2.10663
2.3305 2.10947
2.32991 2.11227
2.32928 2.11503
2.32861 2.11773
2.3279 2.12037
2.32715 2.12295
2.32635 2.12545
2.3255 2.12787
2.32461 2.1302
2.32366 2.13244
2.32266 2.13459
2.3216 2.13665
2.32049 2.1386
2.31932 2.14044
2.31809 2.14218
2.3168 2.1438
2.31545 2.14532
2.31404 2.14672
2.31258 2.148
2.31106 2.14917
2.3095 2.15021
2.3079 2.15113
2.30627 2.15192
2.30462 2.15258
2.30298 2.15311
2.30137 2.15351
2.29981 2.15377
2.29836 2.1539
2.29704 2.15389
2.29592 2.15375
2.29506 2.15348
2.29452 2.15309
2.29439 2.15258
2.29473 2.15197
2.29561 2.15126
2.29711 2.15047
2.29927 2.14961
2.30211 2.14869
2.30565 2.14773
2.30987 2.14674
2.31473 2.14574
2.32017 2.14473
2.32613 2.14373
2.33254 2.14276
2.33931 2.14181
2.34638 2.14091
2.35368 2.14007
2.36116 2.13929
2.36875 2.13859
2.37642 2.13798
2.38413 2.13747
2.39185 2.13705
2.39956 2.13675
2.40724 2.13654
2.41487 2.13644
2.42244 2.13644
2.42993 2.13653
2.43735 2.1367
2.44466 2.13693
2.45187 2.13721
2.45894 2.13752
2.46587 2.13784
2.47262 2.13815
2.47915 2.13842
2.48541 2.13862
2.49133 2.13875
2.49683 2.13876
2.50178 2.13863
2.50606 2.13835
2.50948 2.13789
2.51187 2.13723
2.51303 2.13635
2.51279 2.13524
2.511 2.13389
2.5076 2.13229
2.50263 2.13046
2.4962 2.1284
2.48848 2.12613
2.47973 2.12368
2.47021 2.12106
2.46019 2.1183
2.44998 2.11544
2.43988 2.11248
2.43019 2.10945
2.42124 2.10636
2.41336 2.10321
2.4068 2.1
2.40178 2.09673
2.39839 2.0934
2.39659 2.09
2.39624 2.08654
2.39711 2.08302
2.39894 2.07947
2.40147 2.07588
2.40447 2.07227
2.40773 2.06866
2.41109 2.06505
2.41441 2.06145
2.41757 2.05785
2.42049 2.05428
2.42308 2.05071
2.42527 2.04717
2.42703 2.04365
2.42831 2.04015
2.42909 2.03669
2.42936 2.03325
2.42911 2.02986
2.42837 2.02653
2.42714 2.02326
2.42545 2.02007
2.42334 2.01697
2.42083 2.01399
2.41795 2.01112
2.41473 2.00839
2.4112 2.0058
2.40738 2.00337
2.40327 2.00111
2.3989 1.99902
2.39425 1.9971
2.38934 1.99537
2.38416 1.99382
2.3787 1.99245
2.37296 1.99128
2.36692 1.99029
2.36059 1.9895
2.35396 1.9889
2.34703 1.98849
2.33981 1.98829
2.33232 1.98828
2.32458 1.98847
2.31663 1.98887
2.3085 1.98946
2.30024 1.99025
2.2919 1.99124
2.28351 1.99241
2.27515 1.99376
2.26685 1.99528
2.25866 1.99694
2.25064 1.99874
2.24283 2.00066
2.23527 2.00268
2.228 2.00478
2.22103 2.00695
2.21441 2.00917
2.20814 2.01143
2.20223 2.01373
2.19669 2.01604
2.19151 2.01836
2.18667 2.02069
2.18217 2.02303
2.17799 2.02537
2.17409 2.02772
2.17045 2.03008
2.16705 2.03244
2.16386 2.03483
2.16085 2.03724
2.15799 2.03967
2.15527 2.04213
2.15265 2.04463
2.15012 2.04716
2.14766 2.04975
2.14526 2.05238
2.1429 2.05507
2.14057 2.05782
2.13825 2.06063
2.13595 2.06351
2.13366 2.06645
2.13137 2.06946
2.12909 2.07253
2.1268 2.07568
2.12451 2.07889
2.12223 2.08216
2.11994 2.08551
2.11767 2.08891
2.11541 2.09238
2.11316 2.0959
2.11094 2.09948
2.10874 2.10311
2.10658 2.10679
2.10446 2.11051
2.10239 2.11429
2.10037 2.1181
2.09842 2.12195
2.09653 2.12585
2.09472 2.12977
2.09298 2.13373
2.09133 2.13772
2.08977 2.14174
2.08831 2.14578
2.08693 2.14984
2.08566 2.15392
2.08449 2.15801
2.08341 2.16211
2.08244 2.16622
2.08156 2.17033
2.08078 2.17443
2.0801 2.17853
2.0795 2.18261
2.07899 2.18667
2.07855 2.19071
2.07819 2.19472
2.0779 2.1987
2.07766 2.20263
2.07747 2.20652
2.07732 2.21035
2.07721 2.21413
2.07711 2.21784
2.07702 2.22148
2.07693 2.22503
2.07682 2.22851
2.07669 2.23189
2.07651 2.23516
2.07628 2.23832
2.07597 2.24137
2.07558 2.24428
2.07509 2.24706
2.07448 2.24969
2.07374 2.25216
2.07287 2.25447
2.07184 2.25662
2.07066 2.25859
