0 0
0.930605 0
1.86121 0
2.79181 0
3.72242 0
4.65302 0
0 0.805927
0.930605 0.805927
1.86121 0.805927
2.79181 0.805927
3.72242 0.805927
4.65302 0.805927
0 1.61185
0.930605 1.61185
1.86121 1.61185
2.79181 1.61185
3.72242 1.61185
4.65302 1.61185
0 2.41778
0.930605 2.41778
1.86121 2.41778
2.79181 2.41778
3.72242 2.41778
4.65302 2.41778
0 3.22371
0.930605 3.22371
1.86121 3.22371
2.79181 3.22371
3.72242 3.22371
4.65302 3.22371
0 4.02964
0.930605 4.02964
1.86121 4.02964
2.79181 4.02964
3.72242 4.02964
4.65302 4.02964
