0 0
1.37638 0
2.75277 0
4.12915 0
5.50553 0
6.88192 0
0 1.19198
1.37638 1.19198
2.75277 1.19198
4.12915 1.19198
5.50553 1.19198
6.88192 1.19198
0 2.38397
1.37638 2.38397
2.75277 2.38397
4.12915 2.38397
5.50553 2.38397
6.88192 2.38397
0 3.57595
1.37638 3.57595
2.75277 3.57595
4.12915 3.57595
5.50553 3.57595
6.88192 3.57595
0 4.76793
1.37638 4.76793
2.75277 4.76793
4.12915 4.76793
5.50553 4.76793
6.88192 4.76793
0 5.95991
1.37638 5.95991
2.75277 5.95991
4.12915 5.95991
5.50553 5.95991
6.88192 5.95991
