0 0
1.16326 0
2.32651 0
3.48977 0
4.65302 0
5.81628 0
0 1.00741
1.16326 1.00741
2.32651 1.00741
3.48977 1.00741
4.65302 1.00741
5.81628 1.00741
0 2.01482
1.16326 2.01482
2.32651 2.01482
3.48977 2.01482
4.65302 2.01482
5.81628 2.01482
0 3.02223
1.16326 3.02223
2.32651 3.02223
3.48977 3.02223
4.65302 3.02223
5.81628 3.02223
0 4.02964
1.16326 4.02964
2.32651 4.02964
3.48977 4.02964
4.65302 4.02964
5.81628 4.02964
0 5.03705
1.16326 5.03705
2.32651 5.03705
3.48977 5.03705
4.65302 5.03705
5.81628 5.03705
